178
230
221
225
223
220
217
216
213
200
200
188
173
170
170
166
170
176
187
202
200
204
289
316
303
290
295
304
304
304
305
299
291
289
284
267
275
290
282
285
285
282
265
266
263
274
268
270
277
278
292
294
294
294
300
285
285
272
253
262
262
280
274
256
237
240
245
238
233
233
229
233
238
221
220
214
214
219
272
272
314
288
288
302
311
311
299
270
266
266
263
266
266
253
242
242
239
245
245
169
152
152
128
132
137
148
15
312
312
314
280
254
241
228
226
226
225
229
234
248
248
271
291
291
295
295
286
264
264
256
251
251
251
245
245
241
247
247
245
264
264
259
234
234
225
238
238
255
252
252
251
246
250
247
280
290
315
315
314
311
311
326
315
1
46
54
89
117
117
127
130
134
134
133
133
128
134
139
145
145
140
149
142
142
137
129
122
125
125
125
127
127
124
124
124
127
124
124
111
109
110
110
113
113
118
120
128
128
124
134
138
138
144
149
151
133
141
146
150
140
131
124
134
120
117
108
100
94
59
59
55
59
79
93
136
149
190
231
239
258
258
278
282
274
272
268
247
248
254
262
323
330
330
332
319
319
323
59
59
148
148
136
127
129
129
129
134
135
135
130
121
121
120
125
125
128
124
121
115
117
116
118
122
123
114
118
118
120
120
110
104
68
51
53
54
63
81
70
45
44
44
68
78
92
96
95
100
109
111
102
102
118
117
117
117
120
112
112
117
125
144
194
229
251
251
279
328
338
339
348
355
10
20
28
37
45
45
41
52
57
73
69
125
128
120
30
30
13
36
36
46
53
53
55
55
58
56
56
72
140
181
201
230
228
256
225
216
177
164
155
146
133
134
133
133
132
138
138
145
139
139
139
144
146
146
134
134
134
134
120
116
107
106
113
109
113
105
86
53
12
12
31
42
36
36
35
41
38
40
44
27
27
24
10
10
339
335
330
329
327
322
319
319
314
298
298
287
276
276
284
285
273
269
257
246
227
170
154
124
132
134
114
93
94
120
125
135
135
133
133
133
131
135
135
140
134
134
140
135
135
133
132
131
125
130
130
135
135
136
136
136
137
137
134
136
136
141
154
159
165
164
154
150
145
136
136
126
121
121
116
104
104
85
147
147
203
292
309
309
296
285
285
330
225
224
323
317
310
315
325
318
314
317
28
28
58
103
103
81
61
60
60
14
300
283
259
219
226
226
222
63
63
109
95
95
99
84
59
72
72
72
72
69
75
63
43
12
12
8
29
29
45
59
95
104
116
116
127
133
117
146
149
112
73
68
65
118
118
124
129
132
108
106
77
92
102
109
118
118
119
129
131
131
133
127
83
74
84
102
137
151
188
188
197
205
215
215
221
224
224
