0.49
0.48
0.47
0.46
0.47
0.46
0.43
0.41
0.40
0.41
0.39
0.36
0.36
0.34
0.28
0.28
0.24
0.18
0.18
0.18
0.16
0.17
0.17
0.18
0.17
0.18
0.19
0.18
0.18
0.19
0.19
0.18
0.21
0.21
0.27
0.29
0.29
0.31
0.27
0.21
0.17
0.17
0.15
0.14
0.14
0.17
0.15
0.15
0.13
0.14
0.14
0.16
0.17
0.18
0.17
0.18
0.19
0.19
0.23
0.37
0.42
0.42
0.43
0.39
0.37
0.33
0.29
0.24
0.21
0.20
0.18
0.15
0.14
0.13
0.13
0.12
0.10
0.11
0.12
0.12
0.13
0.14
0.16
0.17
0.16
0.15
0.15
0.18
0.20
0.20
0.20
0.20
0.21
0.19
0.18
0.18
0.22
0.25
0.25
0.31
0.32
0.32
0.29
0.27
0.25
0.24
0.22
0.23
0.26
0.29
0.31
0.34
0.35
0.34
0.34
0.32
0.27
0.24
0.22
0.20
0.18
0.16
0.15
0.14
0.13
0.13
0.12
0.11
0.11
0.10
0.11
0.14
0.14
0.18
0.20
0.22
0.22
0.19
0.16
0.14
0.14
0.16
0.19
0.24
0.34
0.36
0.36
0.36
0.28
0.26
0.27
0.28
0.30
0.32
0.35
0.34
0.30
0.25
0.18
0.18
0.16
0.16
0.16
0.15
0.15
0.17
0.17
0.18
0.18
0.19
0.20
0.17
0.17
0.16
0.17
0.18
0.20
0.22
0.25
0.28
0.30
0.32
0.33
0.33
0.30
0.29
0.29
0.29
0.31
0.33
0.37
0.41
0.46
0.52
0.58
0.64
0.69
0.69
0.62
0.62
0.62
0.63
0.63
0.64
0.73
0.73
0.72
0.64
0.62
0.62
0.56
0.55
0.53
0.51
0.50
0.47
0.44
0.43
0.42
0.42
0.42
0.43
0.49
0.49
0.54
0.58
0.58
0.65
0.64
0.62
0.58
0.52
0.44
0.38
0.35
0.32
0.32
0.35
0.40
0.40
0.42
0.43
0.43
0.44
0.46
0.49
0.49
0.58
0.64
0.64
0.71
0.76
0.79
0.78
0.74
0.69
0.65
0.58
0.43
0.43
0.41
0.44
0.48
0.54
0.64
0.74
0.81
0.89
0.96
0.96
0.98
0.90
0.74
0.69
0.69
0.67
0.67
0.70
0.74
0.74
0.73
0.71
0.74
0.81
0.87
0.89
1.00
1.00
1.06
1.11
1.11
1.11
1.12
1.08
1.01
0.94
0.89
0.84
0.78
0.71
0.71
0.70
0.67
0.64
0.61
0.56
0.57
0.60
0.65
0.69
0.71
0.73
0.75
0.74
0.74
0.74
0.77
0.77
0.73
0.69
0.66
0.61
0.61
0.50
0.48
0.51
0.56
0.59
0.58
0.59
0.57
0.47
0.47
0.45
0.43
0.44
0.44
0.43
0.40
0.40
0.37
0.41
0.58
0.58
0.65
0.77
0.83
0.83
0.86
0.88
0.88
0.94
0.98
0.98
1.02
1.02
1.00
0.98
0.93
0.93
0.73
0.64
0.49
0.37
0.29
0.27
0.27
0.28
0.28
0.33
0.41
0.44
0.44
0.43
0.43
0.42
0.41
0.41
0.45
0.59
0.65
0.73
0.80
0.85
0.85
0.91
0.95
0.99
0.99
1.01
0.90
0.83
0.77
0.68
0.59
0.53
0.53
0.53
0.45
0.41
0.41
0.44
0.39
0.39
0.36
0.41
0.38
0.33
0.35
0.38
0.41
0.44
0.45
0.43
0.43
0.44
0.41
0.38
0.38
0.40
0.42
0.44
0.44
0.45
0.45
0.45
0.42
0.42
0.41
0.39
0.37
0.37
0.38
0.42
0.42
0.49
0.52
0.54
0.54
0.54
0.54
0.46
0.42
0.38
0.34
0.26
0.25
0.31
0.31
0.45
0.52
0.57
0.57
0.49
0.39
0.34
0.31
0.29
0.28
0.30
0.32
0.37
0.40
0.50
0.46
0.45
0.46
0.47
0.45
0.42
0.42
0.53
0.55
0.60
0.74
0.74
0.82
0.95
0.98
0.98
1.16
1.29
1.41
1.53
1.66
1.66
1.47
1.30
1.21
1.13
1.04
1.05
1.04
1.04
0.98
0.93
0.93
0.67
0.72
0.83
0.84
0.76
0.66
0.67
0.66
0.52
0.38
0.30
0.31
0.33
0.33
0.35
0.47
0.47
0.68
0.90
1.10
1.21
1.12
1.03
0.94
0.73
0.49
0.27
0.28
0.30
0.33
0.33
0.38
0.38
0.38
0.38
0.42
0.46
0.49
0.48
0.48
0.49
0.44
0.34
0.34
0.33
0.28
0.22
0.22
0.25
0.24
0.24
0.25
0.25
0.28
0.36
0.43
0.43
0.69
0.77
0.77
0.74
0.72
0.67
0.67
0.63
0.62
0.62
0.65
0.69
0.73
0.73
0.80
0.82
0.81
0.78
0.75
0.73
0.73
0.75
0.76
0.76
0.82
0.96
0.96
1.00
1.00
0.94
0.94
0.72
0.59
0.49
0.49
0.29
0.29
0.20
0.19
0.17
0.16
0.16
0.19
0.19
0.18
0.23
