0.1
0.1
0.1
0.09999999999999998
0.09999999999999999
0.09999999999999999
0.09999999999999999
0.1
0.09999999999999999
0.09999999999999999
0.1
0.09999999999999999
0.1
0.09999999999999999
0.09999999999999999
0.10000000000000002
0.10000000000000002
0.09999999999999999
0.10000000000000002
0.09999999999999999
0.10000000000000002
0.09999999999999998
0.1
0.09999999999999999
0.1
0.1
0.09999999999999999
0.10000000000000002
0.10000000000000003
0.1
0.10000000000000002
0.10000000000000002
0.10000000000000003
0.10000000000000002
0.10000000000000003
0.10000000000000003
0.10000000000000003
0.10000000000000003
0.10000000000000002
0.1
0.1
0.10000000000000003
0.10000000000000002
0.10000000000000003
0.10000000000000002
0.1
0.1
0.1
0.1
0.10000000000000002
0.09999999999999999
0.09999999999999999
0.09999999999999999
0.09999999999999999
0.09999999999999998
0.09999999999999999
0.09999999999999996
0.09999999999999998
0.09999999999999998
0.09999999999999998
0.10000000000000002
0.10000000000000002
0.1
0.10000000000000002
0.09999999999999999
0.09999999999999999
0.1
0.10000000000000002
0.1
0.10000000000000002
0.09999999999999999
0.09999999999999999
0.1
0.10000000000000002
0.1
0.10000000000000003
0.09999999999999999
0.10000000000000002
0.10000000000000002
0.1
0.10000000000000003
0.1
0.10000000000000003
0.10000000000000003
0.10000000000000002
0.10000000000000002
0.1
0.1
0.09999999999999999
0.1
0.1
0.10000000000000003
0.10000000000000005
0.10000000000000003
0.10000000000000002
0.1
0.1
0.10000000000000002
0.10000000000000002
0.10000000000000002
0.10000000000000003
0.10000000000000002
0.10000000000000003
0.10000000000000003
0.10000000000000003
0.10000000000000003
0.10000000000000002
0.10000000000000002
0.10000000000000002
0.10000000000000002
0.10000000000000002
0.10000000000000002
0.09999999999999999
0.10000000000000003
0.10000000000000002
0.10000000000000002
0.10000000000000002
0.10000000000000002
0.1
0.1
0.10000000000000002
0.1
0.09999999999999999
0.1
0.10000000000000002
0.1
0.1
0.1
0.09999999999999999
0.1
0.1
0.09999999999999999
0.1
0.10000000000000002
0.09999999999999999
0.1
0.09999999999999998
0.1
0.09999999999999999
0.09999999999999999
0.09999999999999999
0.09999999999999999
0.09999999999999998
0.1
0.10000000000000002
0.10000000000000002
0.10000000000000002
0.1
0.1
0.09999999999999999
0.1
0.1
0.10000000000000002
0.1
0.09999999999999999
0.1
0.1
0.10000000000000002
0.09999999999999999
0.1
0.10000000000000002
0.10000000000000002
0.10000000000000002
0.1
0.1
0.1
0.09999999999999999
0.09999999999999998
0.1
0.1
0.09999999999999998
0.1
0.09999999999999999
0.1
0.1
0.09999999999999998
0.09999999999999999
0.09999999999999999
0.09999999999999999
0.09999999999999999
0.09999999999999998
0.10000000000000002
0.09999999999999999
0.09999999999999999
0.09999999999999999
0.1
0.09999999999999999
0.1
0.09999999999999998
0.09999999999999999
0.09999999999999999
0.09999999999999998
0.1
0.10000000000000002
0.09999999999999999
0.09999999999999999
0.09999999999999999
0.09999999999999999
0.09999999999999999
0.09999999999999999
0.1
0.09999999999999999
0.09999999999999998
0.09999999999999999
0.09999999999999999
0.10000000000000003
0.1
0.10000000000000003
0.1
0.1
0.10000000000000003
0.1
0.10000000000000002
0.10000000000000003
0.1
0.09999999999999999
0.09999999999999999
0.09999999999999999
0.09999999999999998
0.09999999999999996
0.09999999999999995
0.09999999999999996
0.09999999999999998
0.10000000000000003
0.10000000000000002
0.10000000000000006
0.10000000000000012
0.10000000000000017
0.10000000000000019
0.10000000000000021
0.1000000000000002
0.10000000000000019
0.1000000000000001
0.10000000000000005
0.09999999999999994
0.09999999999999977
0.09999999999999962
0.09999999999999945
0.09999999999999934
0.09999999999999927
0.09999999999999924
0.09999999999999931
0.09999999999999945
0.09999999999999974
0.10000000000000013
0.1000000000000007
0.10000000000000127
0.10000000000000187
0.10000000000000234
0.1000000000000027
0.10000000000000282
0.10000000000000264
0.10000000000000211
0.10000000000000114
0.09999999999999969
0.09999999999999774
0.09999999999999555
0.09999999999999337
0.09999999999999146
0.09999999999999008
0.09999999999998949
0.09999999999998994
0.09999999999999173
0.09999999999999504
0.10000000000000023
0.10000000000000722
0.10000000000001531
0.10000000000002353
0.1000000000000309
0.10000000000003641
0.10000000000003913
0.10000000000003806
0.10000000000003231
0.10000000000002081
0.10000000000000264
0.09999999999997737
0.09999999999994753
0.09999999999991672
0.09999999999988861
0.09999999999986675
0.09999999999985477
0.0999999999998563
0.09999999999987494
0.09999999999991432
0.09999999999997805
0.1000000000000686
0.10000000000017825
0.1000000000002935
0.1000000000004009
0.10000000000048694
0.10000000000053812
0.10000000000054096
0.10000000000048197
0.1000000000003477
0.1000000000001246
0.09999999999980125
0.09999999999939971
0.09999999999896952
0.099999999998561
0.09999999999822452
0.09999999999801043
0.099999999997969
0.0999999999981507
0.09999999999860575
0.09999999999938453
0.10000000000053438
0.10000000000200014
0.10000000000360149
0.10000000000515054
0.10000000000645945
0.10000000000734034
0.1000000000076053
0.10000000000706648
0.10000000000553595
0.10000000000282593
0.09999999999875137
0.09999999999341999
0.09999999998747557
0.09999999998161928
0.09999999997655233
0.09999999997297586
0.09999999997159102
0.09999999997309908
0.09999999997820111
0.09999999998759834
0.10000000000199104
0.10000000002130899
0.10000000004331402
0.10000000006538927
0.10000000008491793
0.10000000009928318
0.10000000010586825
0.10000000010205623
0.1000000000852303
0.10000000005277371
0.10000000000206963
0.09999999993236215
0.09999999985113678
0.09999999976815953
0.0999999996931965
0.09999999963601384
0.09999999960637766
0.09999999961405405
0.09999999966880914
0.09999999978040902
0.09999999995861984
0.10000000020906016
0.10000000050799614
0.10000000081902993
0.10000000110571408
0.1000000013316008
0.10000000146024249
0.10000000145519158
0.10000000128000039
0.10000000089822131
0.10000000027340666
0.09999999937741132
0.09999999828061178
0.09999999711791278
0.09999999602533881
0.09999999513891422
0.09999999459466345
0.09999999452861091
0.09999999507678103
0.09999999637519821
0.0999999985598869
0.10000000175276812
0.10000000576393799
0.10000001009848611
0.10000001424876238
0.10000001770711675
0.1000000199658992
0.10000002051745967
0.10000001885414816
0.10000001446831458
0.10000000685230896
0.09999999551653482
0.09999998089728696
0.09999996478217214
0.09999994906576616
0.09999993564264474
0.0999999264073836
0.09999992325455849
0.09999992807874511
0.09999994277451926
0.09999996923645661
0.1000000093465611
0.100000062433195
0.10000012218105432
0.10000018151948621
0.10000023337783778
0.10000027068545614
0.1000002863716884
0.10000027336588163
0.100000224597383
0.10000013299553959
0.09999999149043158
0.09999979948028577
0.09999957858481448
0.09999935519205361
0.09999915569003887
0.0999990064668062
0.09999893391039141
0.09999896440883037
0.09999912435015881
0.0999994401224127
0.09999993811362778
0.10000062962574673
0.10000144394008033
0.10000228259702594
0.10000304711509317
0.10000363901279151
0.10000395980863051
0.1000039110211197
0.10000339416876866
0.10000231077008691
0.10000056234358394
0.09999808262251866
0.09999508972690721
0.09999194991832344
0.09998903073469341
0.09998669971394306
0.09998532439399846
0.09998527231278553
0.09998691100823037
0.09999060801825889
0.09999673088079716
0.10000558662080976
0.10001655204461071
0.10002827499291773
0.10003938379551729
0.10004850678219583
0.10005427228273976
0.1000553086269356
0.10005024414456973
0.10003770716542863
0.10001632601929877
0.09998482161483438
0.09994477935388983
0.09990112908679122
0.0998589899564668
0.09982348110584476
0.09979972167785327
0.09979283081542055
0.09980792766147477
0.09985013135894422
0.09992456105075698
0.1000362393000788
0.1001819455981567
0.10034403146552383
0.1005033920006809
0.10064092230212872
0.10073751746836802
0.10077407259789957
0.10073148278922404
0.1005906431408423
0.10033244875125508
0.09993783228166962
0.09940964151807638
0.09880944502786562
0.09820854327410612
0.09767823671986672
0.09728982582821612
0.09711461106222322
0.09722389288495667
0.09768897175948532
0.09858114814887799
0.09997172251620338
0.10187857353342704
0.10409474436731034
0.1063541383408781
0.10839065850335451
0.10993820790396339
0.110730689591929
0.11050200661647545
0.10898606202682681
0.10591675887220725
0.10102800020184084
0.09411916689783487
0.08542882424312835
0.07537614378226125
0.06438085361216983
0.05286268182979051
0.04124135653205958
0.02993660581591339
0.019368157778288257
0.00995574051612051
0.002119082126346503
-0.0037577086474667007
-0.007688067881939786
-0.009934275134958903
-0.010762427357296598
-0.010438621499725416
-0.009228954513017888
-0.0073995233479465525
-0.005216424955283955
-0.0029457562858026284
-0.000853614290275114
0.0008020608754883232
0.001930302544738428
0.002596400708810517
0.002871655830759954
0.0028273683736421058
0.0025348388005123367
0.0020653675744259792
0.0014902551584384614
0.000880802015605125
0.00030830860898133517
-0.00015670578528990346
-0.0004795861323240733
-0.000675721193386798
-0.0007642158699269984
-0.0007641750633935981
-0.0006947036752355195
-0.0005749066069016846
-0.00042388875984101593
-0.00026075503550243573
-0.00010461033533486658
2.5483627842151877e-05
0.00011762969645021325
0.0001750335819917805
0.0002028144272071793
0.0002060913748367313
0.00018998356762076353
0.00015961014829960087
0.00012009025961356832
7.654304430299022e-05
3.408764510819152e-05
-2.1571323405810333e-06
-2.8388217779902205e-05
-4.510092620315076e-05
-5.366692712270321e-05
-5.54578900509358e-05
-5.1845484500224936e-05
-4.420137998294695e-05
-3.38972460114782e-05
-2.2304752098195024e-05
-1.079556775547307e-05
-7.413624956902516e-07
6.708435446303513e-06
1.1551906285339676e-05
1.4156408908307572e-05
1.4889478624387937e-05
1.411865074276149e-05
1.2211460572608959e-05
9.535443423111066e-06
6.4581346034485305e-06
3.3470694228020834e-06
5.697831903524461e-07
-1.5406493762197403e-06
-2.9386991635725743e-06
-3.721800202081931e-06
-3.988424216094344e-06
-3.837042929956347e-06
-3.3661280680144347e-06
-2.674151354615207e-06
-1.8595845141051783e-06
-1.0208992708308802e-06
-2.565673491388469e-07
3.396655506015429e-07
7.419975146442872e-07
9.755476737674547e-07
1.0666676161764562e-06
1.0417089300767006e-06
9.270232036736e-07
7.489620251725633e-07
5.338769827790012e-07
3.081196646983233e-07
9.804165913594054e-08
-7.053712340016715e-08
-1.8685122248800638e-07
-2.569501365518963e-07
-2.877684940669541e-07
-2.8624092350828786e-07
-2.5930205335100615e-07
-2.1388651207021624e-07
-1.5692892814102648e-07
-9.536393003854489e-08
-3.612614623787921e-08
1.3889178319005244e-08
5.071223481414763e-08
7.526452499062474e-08
8.89329745434575e-08
9.310450916766786e-08
8.916605455827731e-08
7.850453641030756e-08
6.250688041878006e-08
4.256001227871502e-08
2.005085768513685e-08
-3.633657666934252e-09
-2.710660808247651e-08
-4.8981067866468474e-08
-6.787011132388842e-08
-8.238681275971488e-08
-9.114424647892617e-08
-9.275548678650077e-08
-8.583360798741701e-08
-6.899168438665337e-08
-4.084279028918823e-08
0.0
