139
115
122
122
138
138
137
115
111
125
128
134
132
132
133
134
123
123
105
110
118
123
119
124
126
124
114
114
120
117
117
115
114
110
110
112
111
109
111
115
112
110
110
114
117
116
119
139
139
133
128
125
120
128
135
135
132
133
133
128
130
130
132
135
138
141
136
131
132
134
122
139
139
140
143
162
164
154
149
156
154
146
134
117
113
104
108
116
130
130
134
115
100
109
113
120
120
134
137
158
158
165
182
216
216
209
177
194
209
225
199
199
181
201
63
63
45
22
22
8
356
354
357
330
306
310
315
313
313
313
297
275
265
235
233
218
219
200
188
131
130
68
44
17
21
10
3
1
1
343
336
323
325
321
335
348
90
149
154
173
177
30
30
35
59
59
132
129
107
70
44
49
64
62
65
59
59
51
76
76
91
63
63
48
42
34
27
31
45
82
97
105
109
109
111
122
122
120
124
124
124
128
137
149
148
141
123
123
118
123
123
128
123
123
124
121
123
123
124
124
125
143
143
155
176
176
181
177
177
191
198
214
215
185
173
173
190
200
200
212
216
216
210
209
209
221
226
226
239
253
241
236
227
216
216
218
197
167
180
352
0
0
53
45
36
30
33
43
44
43
44
28
8
3
17
17
17
20
23
38
66
74
31
45
110
140
134
138
153
182
231
260
251
247
247
246
237
242
242
241
245
245
265
271
271
321
322
349
15
34
40
40
33
38
38
31
19
18
18
14
24
24
353
11
9
19
13
9
19
19
29
30
41
51
51
81
142
142
130
57
57
93
100
105
105
126
126
128
119
115
115
120
109
114
112
112
119
119
125
138
134
119
119
124
137
204
218
231
267
267
269
251
251
253
256
261
261
275
275
276
274
265
259
260
269
265
244
277
259
259
250
270
301
301
11
40
45
58
87
81
81
85
79
79
62
73
71
71
46
32
30
25
0
3
16
24
24
20
24
102
102
108
101
101
120
133
132
132
135
116
116
127
136
136
150
195
229
229
230
216
215
225
233
230
231
231
225
232
229
228
206
206
204
227
219
214
212
222
237
239
234
226
219
222
212
212
181
157
117
163
280
219
219
162
183
172
199
213
213
223
227
239
239
214
191
201
201
209
208
208
135
86
38
37
40
103
124
123
103
103
117
125
134
134
133
115
115
83
78
78
93
122
122
141
248
248
256
204
211
169
146
132
131
110
106
106
98
109
109
114
119
119
107
94
94
99
110
100
110
110
116
120
119
119
130
130
135
137
137
148
164
162
173
158
135
129
119
94
88
84
66
64
95
100
113
113
117
130
136
137
136
135
119
113
102
91
91
115
125
126
126
125
129
131
126
126
124
126
134
135
135
133
128
124
124
106
118
118
117
124
