0.08
0.10
0.11
0.12
0.10
0.08
0.09
0.18
0.31
0.31
0.69
0.83
0.90
0.93
0.84
0.74
0.60
0.49
0.63
0.75
0.75
0.74
0.66
0.50
0.30
0.07
-0.06
-0.16
-0.25
-0.27
-0.26
-0.26
-0.23
-0.19
-0.10
0.04
0.34
0.77
1.60
1.60
1.98
2.58
2.56
2.56
2.26
2.09
1.99
1.84
1.72
1.49
1.32
1.19
1.11
1.03
0.99
1.13
1.01
0.84
0.63
0.41
0.41
-0.01
0.03
0.01
0.01
0.00
-0.11
-0.14
-0.11
-0.09
-0.05
-0.04
-0.10
-0.14
-0.15
-0.14
-0.17
-0.18
-0.11
-0.06
0.14
0.14
0.25
0.34
0.34
0.41
0.47
0.45
0.45
0.58
0.64
0.64
0.74
0.67
0.41
0.21
0.03
-0.17
-0.36
-0.53
-0.41
-0.39
-0.37
-0.31
-0.22
-0.12
-0.07
-0.00
0.04
-0.04
-0.12
-0.16
-0.12
-0.09
-0.09
0.07
0.07
0.27
0.37
0.51
0.75
1.04
1.25
1.33
1.33
1.33
1.30
1.23
0.99
0.99
0.89
0.65
0.53
0.43
0.49
0.62
0.79
1.03
1.28
1.49
1.49
1.39
1.06
0.82
0.82
0.44
0.36
0.36
0.29
0.25
0.19
0.17
0.20
0.21
0.24
0.23
0.21
0.18
0.12
0.07
-0.02
-0.04
0.02
0.06
0.17
0.36
0.51
0.56
0.63
0.66
0.60
0.38
0.38
0.12
0.12
0.30
0.51
0.61
0.68
0.70
0.46
0.46
0.09
0.12
0.20
0.32
0.51
0.66
0.75
0.70
0.60
0.54
0.41
0.22
0.03
-0.03
-0.07
-0.07
-0.11
-0.06
0.02
0.02
0.11
0.19
0.29
0.38
0.51
0.62
0.69
0.69
0.60
0.51
0.42
0.18
0.18
0.10
-0.01
-0.09
-0.25
-0.38
-0.49
-0.54
-0.50
-0.41
-0.24
-0.12
-0.03
0.07
0.12
0.13
0.11
0.12
0.16
0.19
0.23
0.27
0.37
0.43
0.50
0.54
0.62
0.81
0.95
0.94
0.87
0.87
0.83
0.63
0.45
0.44
0.50
0.50
0.61
0.87
0.97
1.05
1.03
0.97
0.98
0.91
0.77
0.77
0.71
0.82
0.76
0.78
0.74
0.61
0.42
0.26
0.17
0.15
0.36
0.40
0.40
0.39
0.37
0.30
0.27
0.29
0.32
0.32
0.24
0.13
0.01
-0.02
0.00
0.00
0.01
0.17
0.17
0.13
0.05
0.05
0.16
0.14
0.15
0.19
0.19
0.13
0.11
0.13
0.18
0.29
0.35
0.35
0.48
0.48
0.49
0.39
0.24
0.14
0.08
0.07
0.13
0.21
0.34
0.46
0.29
0.12
0.06
0.10
0.21
0.48
0.81
1.12
1.38
1.50
1.35
1.10
0.88
0.69
0.67
0.68
0.77
0.95
1.26
1.26
1.18
0.91
0.73
0.42
0.12
-0.01
-0.09
-0.17
-0.23
-0.15
-0.06
0.01
-0.03
0.05
0.17
0.48
0.48
0.72
1.08
1.00
1.00
0.66
0.44
0.27
0.11
0.11
0.16
0.15
0.06
-0.08
-0.25
-0.43
-0.73
-0.83
-0.83
-0.82
-0.75
-0.59
-0.45
-0.32
-0.23
-0.30
-0.43
-0.58
-0.80
-1.04
-1.32
-1.32
-1.33
-1.37
-1.37
-1.39
-1.33
-1.33
-1.30
-1.31
-1.34
-1.36
-1.39
-1.40
-1.36
-1.24
-1.10
-0.92
-0.73
-0.54
-0.40
-0.40
-0.36
-0.33
-0.34
-0.48
-0.62
-0.71
-0.71
-1.01
-1.22
-1.28
-1.24
-1.17
-0.88
-0.71
-0.71
-0.57
-0.46
-0.41
-0.37
-0.32
-0.23
-0.17
-0.02
0.36
0.53
0.68
0.62
0.54
0.38
0.40
0.41
0.35
0.34
0.27
0.18
-0.04
-0.33
-0.62
-0.79
-0.80
-0.58
-0.58
-0.43
0.08
0.42
0.73
1.00
1.17
1.30
1.28
1.17
1.03
0.89
0.72
0.37
0.28
0.20
0.14
0.09
0.07
0.04
0.03
0.03
-0.05
-0.12
-0.10
-0.12
-0.23
-0.45
-0.65
-0.72
-0.82
-0.75
-0.59
-0.37
-0.37
0.15
0.47
0.80
1.08
1.31
1.45
1.38
1.38
1.15
0.80
0.80
0.66
0.33
0.30
0.30
0.26
0.20
0.20
0.15
0.05
-0.39
-0.39
-0.62
-0.99
-1.13
-1.15
-1.18
-1.20
-1.24
-1.22
-1.16
-1.11
-0.98
-0.85
-0.69
-0.51
-0.37
-0.31
-0.31
-0.33
-0.18
-0.18
-0.18
-0.26
-0.32
-0.32
-0.43
-0.66
-0.80
-0.87
-0.94
-1.08
-1.26
-1.26
-1.03
-1.03
-0.84
-0.64
-0.59
-0.56
-0.60
-0.78
-0.99
-1.02
-1.03
-1.21
-1.21
-1.17
-1.09
-1.09
-1.11
-1.14
-1.14
-1.14
-1.19
-1.16
-1.16
-1.12
-1.16
-1.22
-1.26
-1.27
-1.27
-1.24
-1.19
-1.09
-1.03
-0.99
-1.01
-1.05
-1.09
-1.14
-1.11
-1.05
-0.64
-0.64
-0.22
0.54
0.89
0.89
1.35
1.31
1.15
0.98
0.74
0.31
0.31
0.13
0.04
0.04
0.04
0.00
-0.07
-0.14
-0.20
-0.23
-0.27
-0.24
