-0.13
-0.06
-0.13
-0.20
-0.22
-0.29
-0.45
-0.66
-0.75
-0.75
-0.85
-0.80
-0.75
-0.64
-0.29
0.01
0.12
0.25
0.43
0.57
0.32
-0.26
-0.26
-0.55
-1.14
-1.22
-1.22
-0.91
-0.75
-0.55
-0.38
-0.30
-0.26
-0.26
-0.23
-0.17
-0.09
-0.09
0.15
0.24
0.28
0.29
0.24
0.10
-0.01
-0.01
-0.19
-0.22
-0.22
-0.35
-0.43
-0.43
-0.53
-0.53
-0.71
-0.73
-0.76
-0.79
-0.79
-0.79
-0.88
-0.88
-0.89
-0.91
-0.91
-0.91
-0.85
-0.85
-0.81
-0.49
-0.24
-0.24
0.04
0.11
0.11
-0.03
-0.25
-0.45
-0.53
-0.52
-0.48
-0.36
-0.22
0.00
0.04
0.09
0.15
0.23
0.30
0.36
0.33
0.35
0.37
0.37
-0.01
-0.11
-0.11
-0.42
-0.68
-0.87
-0.90
-0.92
-0.89
-0.81
-0.61
-0.04
-0.04
0.17
0.36
0.33
0.33
-0.00
-0.20
-0.42
-0.57
-0.73
-0.86
-0.95
-0.99
-1.07
-1.07
-1.05
-1.01
-1.03
-1.03
-1.00
-0.81
-0.72
-0.66
-0.57
-0.49
-0.54
-0.66
-0.76
-0.76
-0.80
-0.87
-0.82
-0.82
-0.80
-0.87
-0.94
-0.96
-0.92
-0.83
-0.76
-0.60
-0.19
-0.19
-0.07
0.10
0.22
0.22
0.28
0.28
0.29
0.31
0.29
0.23
0.18
0.12
0.11
0.10
0.01
-0.13
-0.13
-0.11
-0.17
-0.15
-0.15
-0.13
-0.21
-0.24
-0.27
-0.31
-0.34
-0.35
-0.38
-0.32
-0.32
-0.28
-0.22
-0.22
-0.16
-0.18
-0.25
-0.29
-0.29
-0.26
-0.20
-0.11
-0.01
0.09
0.02
0.02
-0.03
-0.15
-0.27
-0.34
-0.32
-0.26
-0.21
-0.19
-0.21
-0.23
-0.27
-0.43
-0.44
-0.44
-0.22
-0.06
0.06
0.19
0.19
0.35
0.27
0.16
0.10
0.06
0.01
0.01
0.13
0.13
0.21
0.15
0.12
0.05
-0.08
-0.19
-0.23
-0.27
-0.31
-0.31
-0.28
-0.28
-0.29
-0.29
-0.27
-0.25
-0.23
-0.21
-0.22
-0.20
-0.10
0.00
-0.02
-0.10
-0.12
-0.16
-0.47
-0.64
-0.64
-0.66
-0.63
-0.53
-0.41
-0.27
-0.10
0.07
0.23
0.23
0.33
0.27
0.17
0.17
0.07
0.06
0.06
0.15
0.07
0.07
0.03
-0.13
-0.35
-0.54
-0.67
-0.75
-0.80
-0.67
-0.67
-0.65
-0.64
-0.64
-0.64
-0.66
-0.68
-0.68
-0.45
-0.45
-0.30
-0.10
-0.04
-0.04
0.06
0.02
-0.08
-0.17
-0.23
-0.29
-0.34
-0.37
-0.38
-0.35
-0.28
-0.17
0.02
0.18
0.39
0.39
0.41
0.15
-0.16
-0.16
-0.45
-0.34
-0.34
-0.15
0.27
0.36
0.28
0.06
-0.22
-0.48
-0.63
-0.63
-0.46
-0.46
-0.38
-0.23
-0.13
0.01
0.03
0.08
0.08
0.13
0.04
-0.02
-0.05
-0.03
0.01
0.01
0.05
0.04
0.04
0.05
0.05
0.01
0.02
0.07
0.02
0.02
0.03
-0.09
-0.19
-0.19
-0.11
-0.04
0.04
0.08
0.16
0.16
0.03
-0.18
-0.59
-0.78
-0.78
-1.03
-1.07
-1.07
-1.09
-1.07
-1.01
-0.97
-0.93
-0.93
-0.94
-0.95
-1.07
-1.10
-1.10
-1.06
-1.00
-0.94
-0.94
-0.79
-0.73
-0.70
-0.66
-0.63
-0.65
-0.72
-0.79
-0.83
-0.83
-0.93
-0.93
-0.93
-0.95
-0.97
-0.97
-0.93
-0.85
-0.71
-0.69
-0.65
-0.62
-0.66
-0.71
-0.71
-0.62
-0.48
-0.48
-0.53
-0.67
-0.82
-1.01
-1.30
-1.30
-1.33
-1.00
-1.00
-0.92
-0.94
-0.94
-0.94
-1.06
-1.06
-1.05
-0.92
-0.92
-0.81
-0.44
-0.42
-0.42
-0.45
-0.55
-0.78
-1.07
-1.24
-1.37
-1.48
-1.55
-1.46
-1.46
-1.37
-1.26
-1.19
-1.10
-1.06
-1.03
-0.96
-0.85
-0.75
-0.74
-0.85
-0.85
-1.06
-1.13
-1.13
-1.01
-0.81
-0.34
-0.34
-0.18
-0.07
-0.07
-0.10
-0.14
-0.19
-0.12
0.03
0.12
0.10
0.04
-0.01
-0.05
-0.05
-0.12
-0.17
0.04
0.04
0.34
0.35
0.38
0.44
0.40
0.22
0.05
-0.04
-0.14
-0.14
-0.11
0.05
0.09
0.09
0.05
0.01
-0.14
-0.28
-0.44
-0.50
-0.53
-0.54
-0.56
-0.56
-0.55
-0.31
-0.31
-0.16
0.07
0.11
0.01
-0.16
-0.38
-0.59
-0.78
-0.85
-0.81
-0.58
-0.31
-0.05
0.18
0.38
0.44
0.36
0.22
0.22
-0.10
-0.15
-0.18
-0.17
-0.17
-0.17
-0.11
0.07
0.07
0.10
0.20
0.32
0.34
0.28
0.25
0.21
0.18
0.09
-0.22
-0.22
-0.31
-0.37
-0.39
-0.34
-0.29
-0.26
-0.25
-0.28
-0.32
-0.37
-0.37
-0.35
-0.24
-0.19
-0.10
-0.00
0.08
0.06
-0.00
-0.04
-0.08
-0.17
-0.26
-0.27
-0.28
-0.32
-0.37
-0.34
-0.25
-0.14
-0.15
-0.22
-0.24
-0.24
-0.26
-0.26
-0.21
-0.18
-0.23
-0.27
-0.33
-0.38
-0.37
-0.35
-0.31
-0.27
-0.24
-0.21
-0.17
-0.15
-0.14
-0.18
-0.21
