--
--
5.43
5.31
5.05
4.91
4.88
5.06
5.30
5.58
5.88
6.03
6.05
6.02
5.88
5.46
5.26
5.17
5.22
5.32
5.45
5.57
5.66
5.70
5.57
5.36
5.36
4.96
4.88
4.91
4.98
5.06
5.32
5.64
5.64
6.10
6.22
6.37
6.57
6.36
6.20
5.73
5.73
5.51
5.05
5.05
4.97
4.83
4.95
4.95
5.07
5.07
4.96
4.91
4.76
4.76
4.63
4.81
4.98
5.09
5.10
5.13
5.12
5.00
4.69
4.69
4.53
4.24
4.24
4.24
4.40
4.46
4.46
4.82
4.96
5.19
5.19
5.51
5.99
6.09
6.12
5.91
5.59
5.39
5.34
5.31
5.56
5.56
5.89
6.28
6.32
6.32
6.37
6.54
6.54
6.71
6.64
6.64
6.54
6.43
6.21
6.21
6.18
6.26
6.26
6.22
6.11
6.01
5.82
5.53
5.36
5.19
4.89
4.89
4.89
5.01
5.11
5.26
5.51
5.87
6.20
6.48
6.68
6.54
6.26
5.84
4.96
4.54
4.54
4.33
4.32
4.30
4.28
4.34
4.48
4.43
4.38
4.28
4.23
4.23
4.05
4.09
4.16
4.32
4.55
4.83
5.20
5.58
5.89
6.05
6.13
6.25
6.25
6.21
5.95
5.95
5.62
5.43
5.34
5.46
5.74
5.95
6.15
6.27
6.28
6.12
6.12
6.06
5.92
5.82
5.82
5.82
5.88
5.84
5.79
5.88
5.97
5.95
5.59
5.22
5.03
4.93
4.75
4.75
4.76
5.10
5.10
5.21
5.20
5.27
5.27
5.56
5.77
6.00
6.15
6.25
6.25
6.43
6.49
6.39
6.21
6.05
5.88
5.76
5.60
5.53
5.47
5.39
5.28
5.28
5.22
5.36
5.49
5.49
5.75
5.83
5.83
5.84
5.89
6.00
5.97
5.84
5.68
5.55
5.47
5.23
5.23
5.01
4.71
4.55
4.36
4.25
4.28
4.33
4.32
4.32
4.22
4.12
4.00
3.95
3.95
3.95
3.96
4.00
4.22
4.33
4.53
4.76
4.94
5.07
5.16
5.14
5.14
5.30
5.32
5.24
5.23
5.23
5.23
4.93
4.83
5.07
5.07
5.22
5.30
5.29
5.29
5.13
5.09
5.24
5.38
5.35
5.36
5.22
5.07
4.74
4.60
4.50
4.54
4.85
5.03
5.17
5.37
5.65
5.95
6.18
6.18
6.13
5.93
5.65
5.30
4.93
4.13
4.01
4.01
3.94
3.94
3.85
3.82
3.84
3.91
4.02
4.14
4.28
4.42
4.42
4.32
4.19
4.17
4.12
4.08
4.11
4.23
4.45
4.70
4.95
5.23
5.44
5.51
5.54
5.54
5.47
5.18
5.10
5.10
5.03
5.06
5.21
5.29
5.39
5.54
5.54
5.60
5.55
5.47
5.38
5.21
5.06
4.94
4.72
4.50
4.37
4.42
4.47
4.58
4.83
4.83
5.31
5.33
5.32
5.33
5.36
5.41
5.45
5.51
5.68
5.68
6.07
6.11
6.04
5.96
5.90
5.78
5.70
5.98
5.98
6.32
6.35
6.32
6.27
6.20
6.24
6.42
6.64
6.69
6.66
6.57
5.89
5.89
5.51
5.18
5.05
5.03
5.10
5.18
5.18
5.19
5.26
5.29
5.32
5.37
5.71
5.93
5.93
6.21
6.31
6.31
6.23
6.14
6.04
5.89
5.84
5.75
5.59
5.36
5.09
4.96
4.84
4.59
4.62
4.62
4.83
4.96
5.02
5.12
5.16
5.17
5.19
5.30
5.30
5.28
5.69
5.69
6.00
6.15
6.15
6.34
5.98
5.83
5.73
5.73
5.71
5.74
5.70
5.46
5.46
5.24
5.15
5.10
5.39
5.48
5.48
5.51
5.56
5.58
5.59
5.75
5.92
5.92
6.34
6.54
6.54
6.73
6.49
6.49
6.16
5.61
5.61
5.58
5.83
5.83
6.11
6.33
6.00
6.00
5.31
5.02
4.73
4.53
4.56
4.66
4.73
4.86
5.22
5.33
5.31
5.34
5.36
5.36
5.40
5.45
5.39
5.45
5.45
5.40
5.44
5.65
6.07
6.32
6.32
6.10
6.10
5.33
5.33
4.93
4.79
4.93
5.06
5.26
5.47
5.77
6.03
6.11
6.04
5.93
5.93
5.65
5.65
5.67
5.76
5.88
5.99
5.94
5.85
5.71
5.59
5.34
5.34
5.21
5.11
5.04
4.92
4.85
4.75
4.67
4.67
4.71
4.85
5.00
5.38
5.38
5.57
5.74
5.68
5.55
5.35
5.16
5.04
4.94
4.80
4.72
4.70
4.72
4.69
4.69
4.67
4.63
4.60
4.65
4.72
4.87
4.99
5.04
5.04
4.94
4.90
4.90
5.10
5.10
5.39
5.37
5.34
5.34
5.06
4.89
4.71
4.68
4.81
4.92
5.00
5.26
5.26
5.52
5.70
5.87
5.83
5.77
5.78
5.70
5.64
5.68
5.86
5.99
5.99
6.04
6.06
6.03
5.94
5.87
5.92
5.92
5.96
6.10
6.10
6.34
6.37
6.31
6.28
6.23
6.30
