0.66
0.67
0.67
0.62
0.51
0.49
0.49
0.51
0.60
0.67
0.73
0.73
0.70
0.70
0.63
0.60
0.57
0.51
0.43
0.39
0.39
0.29
0.29
0.27
0.28
0.25
0.25
0.22
0.21
0.19
0.19
0.15
0.14
0.12
0.12
0.11
0.11
0.14
0.18
0.18
0.18
0.18
0.18
0.18
0.17
0.17
0.17
0.15
0.13
0.13
0.02
-0.03
-0.07
-0.10
-0.11
-0.11
-0.02
0.05
0.22
0.22
0.30
0.44
0.48
0.53
0.56
0.60
0.60
0.68
0.67
0.59
0.50
0.41
0.38
0.35
0.32
0.37
0.45
0.56
0.64
0.68
0.70
0.71
0.70
0.67
0.59
0.59
0.62
0.72
0.74
0.74
0.77
0.73
0.68
0.66
0.68
0.74
0.83
0.91
0.97
1.02
1.04
1.06
1.07
1.07
1.15
1.22
1.26
1.28
1.28
1.27
1.25
1.23
1.23
1.20
1.21
1.22
1.22
1.22
1.21
1.19
1.17
1.14
1.14
1.14
1.14
1.16
1.19
1.22
1.21
1.17
1.15
1.07
1.07
1.02
0.98
0.95
0.95
0.92
0.91
0.91
0.90
0.90
0.90
0.86
0.82
0.66
0.57
0.57
0.48
0.48
0.47
0.46
0.44
0.44
0.36
0.30
0.24
0.17
0.11
-0.04
-0.08
-0.08
-0.16
-0.19
-0.19
-0.17
-0.16
-0.16
-0.11
-0.08
-0.04
-0.03
-0.01
-0.02
-0.02
-0.03
0.01
0.03
0.04
0.05
0.05
0.09
0.09
0.08
0.08
0.04
0.01
-0.04
-0.04
-0.07
-0.06
-0.01
-0.01
0.01
0.02
0.04
0.04
0.02
0.03
0.03
0.10
0.28
0.28
0.44
0.61
0.61
0.66
0.67
0.67
0.63
0.66
0.66
0.71
0.80
0.80
0.80
0.78
0.77
0.77
0.69
0.63
0.46
0.46
0.33
0.15
0.08
0.08
-0.02
0.00
0.00
0.00
0.01
0.05
0.01
-0.07
-0.12
-0.16
-0.20
-0.24
-0.21
-0.21
-0.13
-0.11
-0.10
-0.09
-0.10
-0.11
-0.12
-0.07
-0.00
0.05
0.08
0.04
0.01
0.01
0.01
0.01
0.10
0.10
0.18
0.31
0.41
0.41
0.54
0.59
0.64
0.66
0.61
0.61
0.46
0.36
0.01
-0.14
-0.23
-0.32
-0.43
-0.41
-0.37
-0.37
-0.34
-0.32
-0.25
-0.16
-0.09
-0.05
-0.03
-0.03
-0.04
-0.09
-0.10
-0.04
0.02
0.07
0.10
0.12
0.11
0.07
0.01
-0.03
-0.06
-0.08
-0.11
-0.13
-0.15
-0.31
-0.31
-0.38
-0.45
-0.46
-0.46
-0.46
-0.34
-0.34
-0.29
-0.25
-0.25
-0.27
-0.29
-0.23
-0.20
-0.20
-0.14
-0.14
-0.09
-0.08
-0.08
-0.06
-0.10
-0.11
-0.11
-0.14
-0.17
-0.18
-0.18
-0.10
-0.09
-0.03
0.04
0.08
0.07
0.07
0.10
0.10
0.08
0.05
0.03
0.03
0.05
0.05
0.08
0.19
0.19
0.21
0.18
0.17
0.17
0.13
0.13
0.15
0.07
-0.01
-0.13
-0.13
-0.21
-0.29
-0.26
-0.24
-0.25
-0.26
-0.26
-0.26
-0.26
-0.26
-0.14
-0.08
-0.02
0.04
0.11
0.11
0.17
0.18
0.28
0.28
0.33
0.40
0.42
0.42
0.48
0.48
0.52
0.65
0.71
0.73
0.73
0.71
0.66
0.66
0.69
0.74
0.74
0.80
0.85
0.86
0.85
0.85
0.88
0.88
0.84
0.80
0.80
0.85
0.91
1.10
1.10
1.21
1.34
1.38
1.40
1.37
1.33
1.32
1.33
1.32
1.29
1.29
1.29
1.18
1.18
1.11
0.98
0.91
0.91
0.84
0.82
0.83
0.87
0.91
0.94
0.97
0.97
0.99
0.94
0.88
0.83
0.76
0.67
0.61
0.59
0.58
0.65
0.65
0.73
0.84
0.92
0.92
0.99
1.03
1.03
1.12
1.15
1.15
1.08
1.08
1.07
1.05
1.04
1.01
0.98
0.94
0.88
0.80
0.71
0.58
0.58
0.54
0.48
0.46
0.46
0.44
0.43
0.42
0.40
0.39
0.39
0.38
0.36
0.35
0.34
0.33
0.33
0.35
0.38
0.42
0.46
0.49
0.55
0.55
0.55
0.52
0.51
0.51
0.51
0.52
0.54
0.56
0.57
0.58
0.56
0.53
0.49
0.46
0.44
0.42
0.44
0.51
0.77
0.86
0.92
0.96
0.94
0.86
0.77
0.69
0.68
0.74
0.82
1.04
1.04
1.17
1.32
1.32
1.29
1.17
1.10
1.10
1.01
0.90
0.93
0.97
0.98
1.01
1.10
1.18
1.24
1.24
1.25
1.27
1.26
1.26
1.22
1.22
1.21
1.12
1.12
1.05
0.97
0.86
0.75
0.56
0.48
0.48
0.37
0.35
0.33
0.33
0.33
0.35
0.39
0.39
0.44
0.44
0.44
0.42
0.42
0.42
0.42
0.42
0.39
0.37
0.37
0.33
0.29
0.28
0.28
0.30
0.27
0.23
0.21
0.18
0.11
0.11
0.17
0.22
0.22
0.19
0.17
0.13
0.16
0.16
0.22
