356
17
49
77
77
95
115
125
125
85
80
87
87
97
102
105
104
118
118
137
142
142
144
153
153
147
134
135
135
145
151
141
135
135
124
117
117
124
127
121
133
137
137
147
133
133
135
152
152
166
168
168
170
172
172
182
193
204
207
201
196
195
199
215
215
215
214
214
210
206
206
203
202
218
218
229
232
232
252
245
237
221
226
212
212
207
148
132
122
97
116
134
135
147
145
131
145
145
207
223
228
232
239
237
237
227
209
209
209
216
212
198
205
210
204
204
212
225
225
233
233
233
229
228
225
200
200
203
211
219
231
242
260
251
224
206
213
230
241
240
242
243
248
268
268
268
264
251
240
239
240
240
240
234
233
232
226
226
224
223
221
223
225
225
241
251
251
248
250
250
224
247
230
230
232
228
231
229
235
273
266
260
245
233
230
232
241
240
211
211
210
209
218
218
217
217
158
148
172
191
196
198
214
214
233
239
238
238
240
221
221
225
243
243
247
249
254
255
240
237
242
241
240
243
239
241
238
236
234
227
225
226
229
227
224
225
226
225
238
238
238
237
233
230
224
216
216
214
225
225
222
219
225
225
219
217
219
215
202
206
206
205
214
214
223
258
263
270
259
255
233
229
230
230
222
216
181
181
175
203
203
218
221
217
210
209
212
228
228
227
232
232
232
226
220
220
212
220
224
211
208
200
198
194
178
178
181
175
175
177
159
159
177
177
180
190
191
199
225
228
224
231
243
262
320
320
320
319
311
309
293
276
276
282
289
291
258
249
250
267
268
258
249
233
234
258
234
224
225
225
247
268
281
300
300
311
319
319
315
311
311
288
272
247
233
232
236
230
231
229
239
236
232
231
226
225
232
232
236
235
247
247
249
268
268
278
285
285
294
297
297
289
307
307
307
324
331
331
268
253
252
239
238
225
213
211
217
231
246
253
256
246
243
261
283
277
277
230
234
234
235
224
228
228
237
234
234
233
231
229
229
223
225
232
230
231
234
244
246
237
237
222
221
225
247
273
274
273
285
290
290
291
294
304
320
316
311
309
313
313
303
296
296
300
290
279
241
224
225
266
283
281
211
211
154
129
129
140
164
172
215
223
224
217
217
221
225
225
225
276
281
292
295
288
281
272
255
246
246
238
236
236
236
236
235
240
247
249
244
248
248
244
242
239
239
239
237
237
235
237
231
244
243
241
280
287
282
284
269
259
258
232
232
231
235
238
238
235
235
236
236
192
175
198
214
213
203
187
182
187
197
206
209
224
222
204
205
205
199
199
208
215
215
227
237
225
225
242
242
241
241
244
249
240
233
224
223
214
165
150
155
155
158
163
148
145
141
144
150
146
139
139
143
153
151
151
150
146
146
142
