-0.81
-0.72
-0.67
-0.62
-0.59
-0.57
-0.56
-0.59
-0.66
-0.79
-0.79
-0.86
-0.92
-0.89
-0.85
-0.83
-0.83
-0.84
-0.90
-1.00
-1.10
-1.16
-1.21
-1.21
-1.28
-1.29
-1.28
-1.29
-1.31
-1.29
-1.24
-1.19
-1.16
-1.16
-1.18
-1.28
-1.28
-1.34
-1.40
-1.40
-1.38
-1.36
-1.36
-1.35
-1.34
-1.34
-1.34
-1.35
-1.35
-1.35
-1.36
-1.36
-1.34
-1.33
-1.31
-1.30
-1.28
-1.26
-1.24
-1.20
-1.14
-1.12
-1.12
-1.11
-1.13
-1.15
-1.16
-1.16
-1.16
-1.13
-1.09
-1.09
-1.09
-1.11
-1.18
-1.18
-1.24
-1.31
-1.31
-1.32
-1.31
-1.31
-1.39
-1.42
-1.46
-1.54
-1.64
-1.71
-1.73
-1.76
-1.75
-1.71
-1.68
-1.66
-1.66
-1.67
-1.69
-1.69
-1.72
-1.79
-1.79
-1.79
-1.80
-1.78
-1.75
-1.72
-1.70
-1.69
-1.68
-1.67
-1.65
-1.65
-1.63
-1.59
-1.57
-1.55
-1.53
-1.51
-1.51
-1.49
-1.47
-1.46
-1.46
-1.46
-1.42
-1.42
-1.38
-1.34
-1.40
-1.40
-1.46
-1.51
-1.57
-1.66
-1.69
-1.69
-1.74
-1.76
-1.76
-1.83
-1.80
-1.77
-1.75
-1.74
-1.76
-1.79
-1.79
-1.86
-1.84
-1.81
-1.79
-1.77
-1.71
-1.66
-1.69
-1.74
-1.74
-1.75
-1.73
-1.73
-1.72
-1.64
-1.60
-1.55
-1.50
-1.48
-1.50
-1.56
-1.64
-1.81
-1.81
-1.84
-1.82
-1.82
-1.75
-1.63
-1.61
-1.61
-1.52
-1.46
-1.41
-1.37
-1.32
-1.30
-1.26
-1.25
-1.32
-1.35
-1.35
-1.45
-1.50
-1.49
-1.47
-1.46
-1.45
-1.44
-1.43
-1.44
-1.44
-1.41
-1.24
-1.21
-1.21
-1.23
-1.28
-1.40
-1.51
-1.60
-1.60
-1.68
-1.72
-1.75
-1.77
-1.79
-1.81
-1.81
-1.80
-1.76
-1.73
-1.73
-1.69
-1.67
-1.63
-1.57
-1.52
-1.31
-1.31
-1.24
-1.17
-1.17
-1.17
-1.22
-1.23
-1.23
-1.21
-1.19
-1.22
-1.29
-1.40
-1.50
-1.59
-1.67
-1.74
-1.76
-1.76
-1.74
-1.73
-1.73
-1.72
-1.72
-1.70
-1.69
-1.68
-1.68
-1.67
-1.66
-1.66
-1.65
-1.62
-1.59
-1.57
-1.55
-1.55
-1.55
-1.58
-1.59
-1.57
-1.57
-1.46
-1.39
-1.33
-1.27
-1.24
-1.26
-1.31
-1.35
-1.39
-1.42
-1.45
-1.46
-1.46
-1.47
-1.47
-1.48
-1.48
-1.48
-1.48
-1.50
-1.50
-1.52
-1.53
-1.54
-1.55
-1.55
-1.56
-1.56
-1.58
-1.59
-1.61
-1.61
-1.61
-1.57
-1.55
-1.53
-1.51
-1.49
-1.49
-1.50
-1.51
-1.49
-1.49
-1.48
-1.49
-1.49
-1.50
-1.54
-1.54
-1.61
-1.75
-1.78
-1.83
-1.87
-1.88
-1.87
-1.84
-1.83
-1.83
-1.83
-1.83
-1.82
-1.83
-1.83
-1.85
-1.84
-1.85
-1.85
-1.85
-1.83
-1.79
-1.79
-1.76
-1.74
-1.73
-1.73
-1.71
-1.72
-1.71
-1.68
-1.65
-1.62
-1.62
-1.61
-1.60
-1.60
-1.63
-1.63
-1.67
-1.68
-1.77
-1.77
-1.79
-1.76
-1.76
-1.72
-1.63
-1.54
-1.45
-1.37
-1.37
-1.37
-1.45
-1.51
-1.51
-1.61
-1.64
-1.66
-1.68
-1.68
-1.67
-1.66
-1.65
-1.60
-1.56
-1.56
-1.52
-1.50
-1.50
-1.49
-1.48
-1.48
-1.46
-1.42
-1.42
-1.36
-1.34
-1.34
-1.32
-1.32
-1.32
-1.32
-1.26
-1.19
-1.11
-1.01
-0.90
-0.82
-0.75
-0.67
-0.67
-0.67
-0.80
-0.90
-0.90
-1.09
-1.16
-1.21
-1.23
-1.22
-1.22
-1.24
-1.28
-1.39
-1.39
-1.42
-1.39
-1.36
-1.36
-1.28
-1.22
-1.16
-1.09
-1.03
-1.01
-1.01
-1.04
-1.07
-1.21
-1.28
-1.31
-1.31
-1.30
-1.30
-1.27
-1.19
-1.06
-1.04
-1.03
-1.01
-1.02
-1.00
-0.92
-0.84
-0.77
-0.70
-0.63
-0.64
-0.82
-0.98
-1.12
-1.25
-1.44
-1.44
-1.42
-1.39
-1.44
-1.50
-1.58
-1.66
-1.66
-1.75
-1.73
-1.73
-1.72
-1.70
-1.67
-1.66
-1.65
-1.63
-1.60
-1.58
-1.59
-1.59
-1.60
-1.62
-1.63
-1.64
-1.63
-1.60
-1.59
-1.59
-1.60
-1.62
-1.62
-1.62
-1.61
-1.61
-1.59
-1.57
-1.58
-1.58
-1.56
-1.51
-1.51
-1.37
-1.27
-1.27
-1.12
-1.09
-1.09
-1.24
-1.35
-1.35
-1.58
-1.69
-1.69
-1.75
-1.77
-1.77
-1.76
-1.71
-1.64
-1.59
-1.53
-1.43
-1.43
-1.41
-1.47
-1.47
-1.57
-1.78
-1.78
-1.82
-1.74
-1.74
-1.63
-1.38
-1.35
-1.39
-1.49
-1.57
-1.67
-1.67
-1.84
-1.86
-1.84
-1.84
-1.81
-1.80
-1.75
-1.71
-1.69
-1.67
-1.62
-1.56
-1.58
-1.61
-1.64
-1.68
-1.68
-1.64
-1.49
-1.49
-1.42
-1.42
-1.42
-1.50
-1.58
-1.60
-1.60
-1.53
-1.53
-1.45
-1.45
-1.35
-1.35
-1.33
-1.33
-1.31
-1.26
-1.26
-1.23
-1.23
-1.23
-1.23
-1.20
-1.20
-1.20
-1.22
-1.23
-1.27
-1.27
-1.31
-1.31
-1.31
-1.31
-1.36
-1.40
-1.40
-1.44
-1.46
