0.1
0.0999704298762434
0.09995005011579661
0.09993785658637201
0.0999328451556821
0.09993401169143931
0.09994035206135608
0.0999508621331449
0.09996453777451819
0.09998037485318839
0.099997369236868
0.10001451679326943
0.10003081339010514
0.10004525489508756
0.10005683717592918
0.10006455610034246
0.10006740753603978
0.10006438735073364
0.10005449141213651
0.10003671558796079
0.10001005574591901
0.09997384472002183
0.09993095664637046
0.09988638367277893
0.09984514646068504
0.0998122656715265
0.09979276196674107
0.09979165600776653
0.09981396845604057
0.09986471997300095
0.09994893122008543
0.10007098202579755
0.10022307821166122
0.10038652619813161
0.10054224747174524
0.10067116351903872
0.10075419582654858
0.10077226588081142
0.1007062951683638
0.10053720517574226
0.1002459173894834
0.09981424559359887
0.09926087033800271
0.09865366338027914
0.09806391811284415
0.09756292792811368
0.09722198621850377
0.0971123863764304
0.09730542179430952
0.09787238586455718
0.0988845719795893
0.10041252224282048
0.1024232736390767
0.10467568053280601
0.10690364786780783
0.10884108058788165
0.11022188363682699
0.11077996195844332
0.11024922049653009
0.10836356419488678
0.10485689799731296
0.09946319641641385
0.09206205204994161
0.08298555582760235
0.07265343533868368
0.06148541817247328
0.04990123191825862
0.038320604165327524
0.02716326250296739
0.01684893452046607
0.007797347807110991
0.00042822995218993543
-0.004931287773054341
-0.008408244914884521
-0.010268702668733767
-0.01077875784935511
-0.010204507271501595
-0.008812047749926248
-0.006867476099382162
-0.0046368891346223635
-0.0023863836703998964
-0.0003820565214677734
0.0011366461432081782
0.0021406338791228737
0.0027006055731967106
0.0028878616520557863
0.002773702542326198
0.0024294286706340526
0.0019263404636054493
0.0013357383478664786
0.0007289227500432636
0.0001771940967618931
-0.0002518633236387737
-0.000540708993436568
-0.0007076666178690578
-0.0007718410886876079
-0.0007523372976435767
-0.0006682601364883234
-0.0005387144969732033
-0.0003828052708495801
-0.00021963734986881083
-6.831562578225361e-05
5.248654189371858e-05
0.0001353145112467874
0.00018470179142394508
0.0002057675228045255
0.00020363084576786227
0.00018341090069328933
0.00015022682796014063
0.00010919776794774997
6.544286103545051e-05
2.4081247602577535e-05
-9.804060678939085e-06
-3.3485165585095754e-05
-4.79966269133884e-05
-5.471011442979326e-05
-5.4997297900287374e-05
-5.0229847090847374e-05
-4.177943176744986e-05
-3.101772169607181e-05
-1.931638664268982e-05
-8.047096373280576e-06
1.4198907274553775e-06
8.172322201323213e-06
1.2411689137151363e-05
1.4505530219512799e-05
1.4821384132980493e-05
1.3726789562127432e-05
1.1589285191526606e-05
8.776409705750988e-06
5.655701789373562e-06
2.594700126967256e-06
-3.905697507669026e-08
-1.9597169765143584e-06
-3.1919770331990588e-06
-3.8343221174460115e-06
-3.985237201570404e-06
-3.7432072578874656e-06
-3.2067172587124037e-06
-2.4742521763604137e-06
-1.6442969831467354e-06
-8.153366513865671e-07
-8.585615339511792e-08
4.59103201419875e-07
8.156171251317081e-07
1.0100349332196668e-06
1.0687578303716145e-06
1.018187021275413e-06
8.847237106189287e-07
6.947691030900244e-07
4.747244033765645e-07
2.5099081616641153e-07
4.9969546147429404e-08
-1.0395358788533755e-07
-2.0635808487581347e-07
-2.642301449087289e-07
-2.8468961442032694e-07
-2.748563398468517e-07
-2.418501676245467e-07
-1.927909441896558e-07
-1.347985159784226e-07
-7.499272942709082e-08
-2.049343097190256e-08
2.1847776469810635e-08
4.991865442128657e-08
6.566619190667712e-08
7.116856998309363e-08
6.85039697076475e-08
5.975057213745014e-08
4.6986558329612847e-08
3.2290109341246564e-08
1.7739406229463642e-08
5.412630051375058e-09
-2.648733803862291e-09
-5.774220074222785e-09
-5.042895298758112e-09
-1.6476372696700819e-09
3.2186762208394895e-09
8.363167380568975e-09
1.2592958417316231e-08
1.4715171538879573e-08
1.3536928953057267e-08
7.865352867647437e-09
-3.481790812065819e-09
-2.0451360846297912e-08
-4.061867089420728e-08
-6.129039084409872e-08
-7.977319058427496e-08
-9.337374000304086e-08
-9.93987089887006e-08
-9.515476742955834e-08
-7.79485852139182e-08
-4.508683223008444e-08
6.121670216894252e-09
7.564136934319987e-08
1.5537467652519554e-07
2.3574114910829423e-07
3.0716034443791713e-07
3.600518198594826e-07
3.8483513271840927e-07
3.719298403601155e-07
3.117555001300198e-07
1.947316693735409e-07
1.1277905436089622e-08
-2.4174334645219564e-07
-5.374442998815126e-07
-8.401975049040239e-07
-1.1143745210130995e-06
-1.3243469077021083e-06
-1.4344862244644214e-06
-1.4091640307934083e-06
-1.2127518861824289e-06
-8.096213501248649e-07
-1.641439821140834e-07
7.451067944887103e-07
1.8334469002344231e-06
2.9681793874680163e-06
4.016370936817551e-06
4.845088228911086e-06
5.321397944376694e-06
5.312366763842396e-06
4.685061367936282e-06
3.306548437286408e-06
1.0438946525208388e-06
-2.2078228293972317e-06
-6.1996771278136055e-06
-1.0440290862762383e-05
-1.4433559197262447e-05
-1.7683377294332756e-05
-1.969364031699195e-05
-1.9968243428259032e-05
-1.8011081791152875e-05
-1.3326050568692348e-05
-5.417044923896335e-06
6.16557677997065e-06
2.075904459923344e-05
3.6563309891318636e-05
5.172688662767255e-05
6.439828877974314e-05
7.272603031897786e-05
7.48586252168241e-05
6.894458744472932e-05
5.313243097414097e-05
2.557066977650646e-05
-1.5535303104017027e-05
-6.870216077279954e-05
-0.00012744181516688316
-0.00018484442700903884
-0.00023400015702203735
-0.0002679991659286496
-0.00027993161445164633
-0.0002628876633137984
-0.00020995747323787433
-0.0001142312049466482
3.116566348684094e-05
0.0002241476077314058
0.00044186125437835886
0.0006585187323473354
0.0008483321705579716
0.0009855136979299037
0.0010442754433827677
0.000998829535836196
0.0008233881042098267
0.0004921632774232967
-2.063202338049427e-05
-0.0007183105923987767
-0.001522970059926784
-0.00233836878092029
-0.0030682651103350663
-0.0036164174031269036
-0.0038865840142515316
-0.00378252329866475
-0.0032079936113223297
-0.0020667533071800437
-0.0002625607411936657
0.002248860223072537
0.005214202543529231
0.008274414276053884
0.011070316711549753
0.01324273114092039
0.01443247885506925
0.014280381144899787
0.012427259301315467
0.008513934615219747
0.0021812283775160778
-0.006820375640268673
-0.01771533974242432
-0.029168840271871985
-0.03984040403726974
-0.04838955784727564
-0.053475828510547725
-0.05375874283574405
-0.04789782763152268
-0.0345526097065417
-0.012382615869458186
0.01984174582783303
0.06152440585805492
0.11057352635767133
0.16485318948590325
0.22222747740197168
0.2805604722650979
0.3377162562345026
0.39155891146940713
0.4399525201290324
0.48076116437259936
0.5118946437127442
0.5328140871757036
0.5448741005113125
0.5495442894603619
0.5482942597636414
0.54259361716194
0.5339119673960471
0.5237189162067518
0.5134840693348435
0.5046770325211116
0.498759615830386
0.4964218821496776
0.4969394435702651
0.49943659118526273
0.5030376160877846
0.5068668093709447
0.5100484621278573
0.5117068654516361
0.5109663104353952
0.5069510881722488
0.49878598026437426
0.48600494153617624
0.46929340613348736
0.44953788545686496
0.42762489090686645
0.4044409338840498
0.3808725257889721
0.35780617802219095
0.3361284019842639
0.31672570907574843
0.3004846106972021
0.28810174578884007
0.2794329063816224
0.27410120095474283
0.27172972978525123
0.2719415931501975
0.2743598913266313
0.27860772459160216
0.28430819322216005
0.29108439749535464
0.29855943768823573
0.30634306600036904
0.3139505684263086
0.3208564746182643
0.3265351535812832
0.3304609743204115
0.3321083058406959
0.330951517147183
0.3264649772449194
0.3181230551389516
0.30540011983432624
0.2878599966142631
0.2661280543737702
0.24152493389431903
0.2153833403924765
0.18903597908480968
0.1638155551878856
0.14105477391827123
0.12208634049253364
0.10824296012723988
0.10085733803895702
0.10120307004975787
0.10924684545868708
0.12367702315014356
0.14312856871140323
0.1662364477297421
0.1916356257924362
0.21796106848676322
0.24384774139999554
0.26793061011941094
0.2888446402322855
0.30524022121357625
0.31655876596957055
0.3233961639838515
0.3264396922321575
0.3263766276902268
0.32389424733379757
0.3196798281386081
0.3144206470803966
0.3088039811349014
0.30351710727786074
0.29924600588696626
0.29641328661207894
0.2948594976314423
0.29434728394102433
0.294639290536793
0.29549816241471616
0.2966865445707619
0.29796708200089794
0.2991024197010924
0.2998552026673133
0.29998808683988587
0.2993602898200505
0.2981627693042159
0.29665766833277213
0.295107129946109
0.29377329718461664
0.292918313088685
0.29280432069870405
0.29369346305506366
0.29584788319815414
0.2995297241683652
0.3048714511534457
0.31130049197818915
0.31800581762975194
0.3241762109506062
0.3290004547832242
0.33166733197007786
0.3313656253536394
0.3272841177763812
0.3186115920807751
0.30453683110929325
0.28439197877320394
0.25877474802825373
0.22894210675262833
0.1961567028067538
0.16168118405105625
0.1267781983459594
0.09271039355189412
0.06074041752928423
0.03213091813855577
0.008144543240134897
-0.010027798654238378
-0.022297992196425226
-0.029442125605451994
-0.03225941770690446
-0.03154908732636844
-0.028110353289429735
-0.022742434421674108
-0.016244549548687374
-0.009415917496055328
-0.003055757089363742
0.0020511665837101333
0.005567303171673386
0.007677249361474725
0.008595154865736128
0.008535169397079281
0.007711442668125868
0.006338124391497575
0.004629364279816086
0.002799312045703088
0.0010621174017802666
-0.0003691525115511955
-0.0013738279717184134
-0.001992963823351089
-0.0022839400913501787
-0.0023041368006166416
-0.0021109339760514295
-0.0017617116425555001
-0.0013138498250298092
-0.0008247285483752796
-0.0003517278374929367
4.780250993109101e-05
0.00033414809165488744
0.0005148479074149736
0.0006052723441934869
0.0006207917889725633
0.0005767766287343391
0.0004885972504609513
0.00037162404113453553
0.00024122738773722888
0.00011277767725116745
1.6452966584878839e-06
-7.988245029001463e-05
-0.00013249398681914993
-0.0001602908201549009
-0.00016737447332485763
-0.0001578464693566097
-0.00013580833127774852
-0.00010536158211586419
-7.060774489854718e-05
-3.564834265338758e-05
-4.58489840797564e-06
1.8971531829043317e-05
3.469963843124436e-05
4.363095762597772e-05
4.680119454146784e-05
4.524605430593922e-05
4.0001242047616303e-05
3.210246289472356e-05
2.2585421975485392e-05
1.2485824418126306e-05
2.8393753508707397e-06
-5.374155845517734e-06
-1.1799294297699552e-05
-1.647134275204805e-05
-1.943159869387083e-05
-2.0721359608475512e-05
-2.0381922981169697e-05
-1.8454586297260984e-05
-1.4980647042056975e-05
-1.0001402700865287e-05
-3.558150758993531e-06
4.287764438095474e-06
1.3064629741957e-05
2.191670183207105e-05
2.997346552144359e-05
3.6364405623080554e-05
4.02190069499879e-05
4.0666754315171475e-05
3.683713253163719e-05
2.785962641239106e-05
1.286372077043909e-05
-8.983132404936118e-06
-3.677041048624194e-05
-6.715536675221005e-05
-9.661464296955674e-05
-0.00012162488090499818
-0.00013866272232525067
-0.00014420480899703038
-0.00013472778268705372
-0.00010670828516203679
-5.662295818869588e-05
1.9021699820468817e-05
0.00011876627596846669
0.00023071062286602006
0.0003416318227669949
0.00043830695792523475
0.0005075131105946059
0.0005360273630289675
0.000510626797482178
0.000418088496208097
0.0002451895414605831
-2.12897337369911e-05
-0.0003818812937422065
-0.0007956675567077933
-0.0012132802098824705
-0.001585350940514957
-0.0018625114358539743
-0.001995393383148242
-0.0019346284696464802
-0.0016308483825974085
-0.0010346848092496965
-9.676943685213869e-05
0.0012024134930645194
0.0027282406939431333
0.00429648553044479
0.005722897669310506
0.006823226777281298
0.00741322252109819
0.007308634567502201
0.006325212583234345
0.00427870623503564
0.0009848651896471172
-0.0036760862883396883
-0.009285935861685546
-0.015158992000328058
-0.020607621683982568
-0.02494419189236444
-0.027481069605189132
-0.027530621802171616
-0.024405215463027454
-0.017417217567472054
-0.00587899509522076
0.010882428003894495
0.03332931152998429
0.061765992210508
0.09649298451307833
0.13781080290530795
0.1860199618548095
0.24142097582919564
0.3043143592960792
0.37500062672307266
0.45378029257778885
0.5409097291629887
0.6353954237088536
0.7348478133780798
0.8368038480368397
0.9388004775512996
1.0383746517876256
1.1330633206119833
1.220403433890541
1.2979319414894626
1.3631857932749152
1.413720811787525
1.4484946949004358
1.4688090671112535
1.4761885850843204
1.4721579054839817
1.45824168497458
1.4359645802204606
1.406851247885967
1.3724263446354406
1.33421452713323
1.293740452043677
1.252528776031126
1.2121041557599208
1.173991247894405
1.1397147090989233
1.1107991960378185
1.0887693653754358
1.0751498737761187
1.0714653779042111
1.0792405344240568
1.1
