226
228
228
233
245
245
254
249
261
300
300
324
322
322
310
292
303
287
263
245
249
269
281
268
244
235
232
231
240
241
241
231
241
255
269
271
296
216
203
174
166
122
131
131
28
48
48
77
134
134
133
111
111
65
327
327
319
4
33
101
142
162
161
169
152
161
161
136
125
118
97
116
116
97
75
231
241
241
250
244
248
236
231
250
250
262
251
255
255
265
276
263
176
226
300
318
321
305
226
226
190
175
165
143
135
160
204
203
213
167
167
135
208
208
239
285
287
278
233
225
165
165
152
149
151
146
178
174
170
174
165
160
268
302
125
125
135
143
150
162
170
205
228
233
245
270
294
313
315
297
277
290
90
90
107
91
86
45
358
348
320
322
319
319
307
281
187
187
220
220
251
282
233
225
240
21
21
51
44
33
33
339
327
329
317
317
317
307
298
294
285
308
353
34
211
216
237
250
287
318
305
301
291
271
285
310
320
329
319
314
314
329
312
279
252
242
237
230
221
230
226
208
200
200
219
180
158
158
149
153
164
173
164
152
177
184
113
185
201
207
215
215
194
339
328
311
259
291
291
228
224
202
226
256
294
327
197
195
195
318
341
242
222
222
200
168
116
85
15
15
8
342
31
31
25
28
33
39
36
346
330
313
307
190
190
110
117
117
123
135
135
146
164
178
177
194
194
225
206
241
268
292
287
292
340
340
355
4
4
10
343
343
330
328
328
327
344
22
76
336
332
332
329
323
310
269
269
149
150
202
217
325
20
14
14
43
132
132
127
129
119
119
61
27
42
49
72
84
115
211
289
293
323
318
323
350
350
109
123
117
232
232
272
259
264
272
259
237
210
244
243
233
40
56
100
108
148
220
178
178
149
138
120
120
123
79
93
82
101
139
139
244
271
309
322
347
322
300
198
197
196
48
48
66
129
125
124
127
117
110
119
106
106
113
95
89
73
62
35
4
4
103
91
91
96
97
63
108
17
339
288
252
241
221
221
234
281
286
282
298
294
290
302
289
289
289
264
262
280
284
261
252
252
232
232
232
237
253
253
252
260
260
238
218
232
238
227
227
225
224
242
242
254
298
272
259
221
216
6
6
44
98
99
58
48
51
51
226
237
210
210
210
192
115
115
55
27
41
18
7
217
201
207
204
197
226
238
238
260
269
282
289
293
299
299
292
275
275
281
244
244
241
244
238
231
229
239
239
238
288
300
305
307
318
319
329
333
327
324
319
309
309
315
313
334
336
339
339
339
323
305
290
292
288
285
268
264
259
262
278
296
302
310
308
303
298
289
307
307
304
271
241
241
213
230
230
238
350
354
358
314
284
284
297
340
340
40
66
66
59
60
60
343
338
328
323
322
322
312
296
