0.22
0.24
0.28
0.32
0.37
0.39
0.40
0.41
0.41
0.41
0.40
0.40
0.41
0.42
0.45
0.50
0.54
0.57
0.57
0.55
0.51
0.46
0.40
0.32
0.24
0.17
0.13
0.12
0.12
0.15
0.21
0.28
0.35
0.41
0.48
0.54
0.56
0.56
0.56
0.54
0.52
0.50
0.48
0.56
0.68
0.81
0.92
1.03
1.13
1.25
1.27
1.28
1.29
1.27
1.24
1.18
1.10
1.03
0.99
0.98
0.98
0.99
0.97
0.94
0.88
0.82
0.73
0.62
0.51
0.44
0.39
0.34
0.30
0.29
0.28
0.27
0.21
0.18
0.16
0.13
0.12
0.14
0.15
0.17
0.21
0.31
0.42
0.53
0.61
0.67
0.72
0.71
0.68
0.68
0.65
0.66
0.68
0.68
0.72
0.76
0.83
0.89
0.92
0.96
1.00
1.03
0.99
0.93
0.89
0.84
0.79
0.74
0.69
0.65
0.65
0.55
0.49
0.43
0.37
0.33
0.29
0.25
0.24
0.25
0.26
0.26
0.27
0.27
0.24
0.24
0.15
0.10
0.08
0.10
0.14
0.16
0.17
0.19
0.19
0.17
0.13
0.10
0.10
0.12
0.15
0.19
0.23
0.26
0.27
0.26
0.23
0.19
0.15
0.12
0.12
0.12
0.14
0.15
0.19
0.24
0.28
0.30
0.31
0.32
0.31
0.25
0.20
0.16
0.14
0.13
0.13
0.14
0.15
0.14
0.12
0.11
0.09
0.09
0.10
0.12
0.15
0.17
0.19
0.23
0.28
0.32
0.38
0.45
0.52
0.56
0.60
0.66
0.68
0.68
0.68
0.69
0.64
0.55
0.45
0.40
0.35
0.30
0.27
0.28
0.30
0.28
0.27
0.26
0.27
0.28
0.29
0.30
0.29
0.29
0.27
0.26
0.24
0.23
0.23
0.23
0.23
0.23
0.22
0.22
0.22
0.21
0.21
0.21
0.21
0.21
0.22
0.23
0.24
0.24
0.25
0.25
0.25
0.23
0.21
0.21
0.21
0.20
0.20
0.21
0.21
0.21
0.21
0.22
0.22
0.23
0.24
0.24
0.24
0.24
0.24
0.23
0.24
0.24
0.25
0.38
0.38
0.43
0.53
0.53
0.56
0.51
0.51
0.46
0.35
0.35
0.33
0.35
0.35
0.36
0.45
0.45
0.48
0.47
0.47
0.50
0.54
0.54
0.55
0.44
0.44
0.39
0.28
0.28
0.21
0.21
0.21
0.22
0.16
0.16
0.16
0.18
0.18
0.20
0.30
0.30
0.36
0.50
0.50
0.54
0.55
0.55
0.52
0.46
0.43
0.41
0.45
0.45
0.48
0.45
0.45
0.42
0.34
0.34
0.35
0.43
0.43
0.46
0.52
0.52
0.52
0.42
0.42
0.39
0.30
0.30
0.29
0.31
0.31
0.29
0.31
0.31
0.37
0.41
0.41
0.44
0.45
0.45
0.44
0.45
0.45
0.48
0.58
0.58
0.62
0.56
0.56
0.53
0.48
0.43
0.37
0.26
0.26
0.24
0.22
0.22
0.21
0.20
0.20
0.21
0.16
0.16
0.16
0.15
0.15
0.17
0.20
0.20
0.20
0.24
0.24
0.23
0.20
0.18
0.18
0.15
0.15
0.15
0.13
0.13
0.13
0.27
0.27
0.35
0.40
0.47
0.52
0.55
0.54
0.51
0.47
0.47
0.45
0.38
0.38
0.35
0.36
0.37
0.34
0.32
0.32
0.31
0.34
0.34
0.39
0.44
0.47
0.48
0.48
0.46
0.41
0.36
0.34
0.34
0.32
0.32
0.31
0.31
0.33
0.36
0.39
0.43
0.44
0.44
0.42
0.38
0.37
0.36
0.37
0.45
0.50
0.55
0.59
0.62
0.63
0.57
0.52
0.48
0.44
0.39
0.34
0.32
0.36
0.42
0.44
0.42
0.39
0.37
0.33
0.25
0.18
0.19
0.24
0.29
0.32
0.35
0.34
0.32
0.29
0.26
0.24
0.20
0.21
0.21
0.20
0.21
0.22
0.27
0.31
0.35
0.37
0.39
0.37
0.32
0.27
0.22
0.19
0.16
0.14
0.14
0.15
0.15
0.14
0.13
0.12
0.13
0.14
0.19
0.27
0.32
0.36
0.35
0.32
0.27
0.20
0.20
0.09
0.09
0.11
0.23
0.34
0.46
0.57
0.68
0.78
0.83
0.82
0.80
0.81
0.85
0.88
0.87
0.85
0.86
0.84
0.76
0.67
0.58
0.52
0.43
0.34
0.28
0.27
0.27
0.30
0.35
0.42
0.48
0.51
0.53
0.53
0.53
0.51
0.49
0.49
0.51
0.54
0.57
0.59
0.62
0.66
0.73
0.78
0.84
0.86
0.89
0.91
0.88
0.82
0.74
0.68
0.65
0.63
0.62
0.65
0.71
0.79
0.86
0.91
0.93
0.94
0.88
0.80
0.72
0.63
0.53
0.44
0.37
0.33
0.29
0.27
0.26
0.25
0.24
0.20
0.19
0.19
0.23
0.23
0.29
0.35
0.39
0.38
0.32
0.28
0.26
0.21
0.17
0.15
0.14
0.14
0.15
0.17
0.20
0.24
0.28
