0.1
0.5273050525346775
0.8222138503715747
0.9990859095527891
1.0722807461204193
1.0561578761165633
0.9650768155833205
0.8133970805627874
0.6154781870970631
0.3856796512282469
0.13836098899843574
-0.11211828355027165
-0.35139865037577733
-0.5651205954359828
-0.7389246026887888
-0.8584511560920991
-0.9093407396038142
-0.8772338371818347
-0.7477709327840643
-0.5065925103684048
-0.13933905389275703
0.36615976354802376
0.9990672794230376
1.7347866176224422
2.5485356558698213
3.4155322718887584
4.310994343402834
5.210139748135635
6.088186363810737
6.920352068151727
7.681854738882188
8.348370697828205
8.904285403637257
9.34178161418116
9.653317464384635
9.831351089172399
9.868340623469171
9.756744202199672
9.48901996028862
9.057626032660728
8.455020554240727
7.6742786764963915
6.73396862364969
5.686673945251659
4.587344223879851
3.4909290421117953
2.4523779825250496
1.5266406276971387
0.7686665602056184
0.2334053626280197
-0.024193382458108204
0.05053131754229929
0.4724814007184004
1.1765903527419537
2.0882079267216924
3.1326838757663746
4.235367952984733
5.321609911485529
6.316759504377491
7.146166484769379
7.73518060576993
8.009165297102644
7.922111222002183
7.516966231948191
6.853906774136633
5.99310929576348
4.99475024402469
3.9190060661162436
2.8260532092340935
1.7760681205742244
0.8292272473325885
0.04570703670516757
-0.526281838450981
-0.8972190034282121
-1.0955491788630745
-1.149721688304551
-1.0881858553016284
-0.9393910034032904
-0.7317864561585277
-0.4938215371163239
-0.2539455698256645
-0.040607877835531735
0.1206017274733612
0.226663797876374
0.28526589802027014
0.3041601354571481
0.2910986177391057
0.25383345241824234
0.20011674704665644
0.13770060917644536
0.07433714635971006
0.01777846614854796
-0.02464716952162794
-0.051319260692700465
-0.06470781548842372
-0.06737194056820692
-0.06187074259145862
-0.050763328217587535
-0.03660880410600201
-0.021966276916111117
-0.009394853307323342
-0.001453639939047291
-0.0006118987754752486
-0.00700316299360518
-0.018265041501486626
-0.031913215213583625
-0.04546336504436047
-0.05643117190828072
-0.06233231671980869
-0.06068248039340843
-0.04899734384354372
-0.024792587984679038
0.014361210352341506
0.06731498730528736
0.12720279635053472
0.18664646780534627
0.23826783198698798
0.2746887192127245
0.2885309597998208
0.2724163840655413
0.2189668223271513
0.12080410490191557
-0.029422016724942813
-0.2300011207742927
-0.4571897450901915
-0.6839595300272342
-0.8832821159400193
-1.028129143183135
-1.0914722521111804
-1.0462830830787508
-0.865533276440442
-0.5221944725508414
0.01076162177709997
0.7460085633120309
1.6416466429703125
2.6428093313009553
3.6946300988529175
4.742242416175212
5.730779753816827
6.60537558232677
7.3111633722540095
7.793276594147549
7.99684871855638
7.878821919764388
7.467390298046122
6.817339814545381
5.983502009077163
5.020708421456443
3.9837905914982454
2.927580059017553
1.906908363829356
0.9766070457486465
0.1915076445904179
-0.3984694435130529
-0.7920558172838643
-1.015779215353542
-1.0964930491874214
-1.061050730250838
-0.9363056700091276
-0.7491112799276263
-0.5263209714716699
-0.29478815610659365
-0.0813662452977274
0.08807026270472286
0.20494244682240026
0.2754849086297263
0.3064110147251742
0.3044341317072182
0.276267626174332
0.22862486472498897
0.16821921395766098
0.1017640404708258
0.03597271086295559
-0.022516721338424295
-0.06988004254554105
-0.10588372493833498
-0.13052782344536532
-0.14381239299519125
-0.14573748851637178
-0.13630316493746603
-0.11550947718703332
-0.08335648019363301
-0.03984422888582409
0.01500883573026494
0.07905026735970978
0.14603097826839148
0.2092378215720748
0.2619576503865184
0.2974773178274873
0.3090836770107447
0.29006358105205343
0.23370388306717627
0.13329143617187655
-0.01788102291549167
-0.2190638087312664
-0.44745952465707445
-0.6762155282273922
-0.8784791769767203
-1.027397828439551
-1.0961188401503779
-1.0577895696436928
-0.8855573744539882
-0.5525696121157582
-0.03197364016347315
0.6914424710512105
1.578642248882035
2.574798799495047
3.6250834393603313
4.67466748494797
5.668722252728052
6.552419059170657
7.270929220745893
7.769424053923794
7.993074875174475
7.896294273399992
7.502541935120719
6.866519924580187
6.043084115088918
5.087090379957441
4.053394592496244
2.9968526260159267
1.9723203538269776
1.0346536492399245
0.23870838556529117
-0.3643040207733145
-0.7692117153722332
-1.0023881978368345
-1.0908220595356752
-1.0615018918373105
-0.9414162861103004
-0.7575538337232038
-0.5369031260445781
-0.3064527544429816
-0.093191310286971
0.07656985988345959
0.19273385420894645
0.2617806771429378
0.29094008140125754
0.2874418196997377
0.2585156447542069
0.21139130928049363
0.15329856599442654
0.09146716761183432
0.03312686684854545
-0.014552051991414459
-0.04782646174260315
-0.0681858310598202
-0.07756057943782242
-0.0778811263713666
-0.07107789135520967
-0.05908129388410833
-0.043821753452819454
-0.0272296895560993
-0.011235521688705896
0.002232947070168617
0.011911700825421591
0.0180752684239743
0.021215575129025395
0.021824546203773523
0.020394106911417346
0.017416182515155493
0.013382698278186497
0.008785579463709253
0.004116751334922317
-0.00013186428061950266
-0.003565810046921539
-0.0061428353734529675
-0.00790022181825157
-0.008875250939355126
-0.009105204294801418
-0.008627363442628207
-0.007479009940873304
-0.005697425347574484
-0.003319891220769533
-0.0003836891184962332
0.003039038484848975
0.0066765162704292315
0.010186030247125935
0.013224781383891333
0.015449970649678024
0.01651879901343848
0.016088467444125183
0.013816176910690618
0.009359128382087262
0.002374522827267602
-0.007367445442716722
-0.01904039345441161
-0.031241664657429932
-0.04256278136954382
-0.051595265908525416
-0.056930640592146885
-0.05716042773818031
-0.05087614966439782
-0.03666932868857163
-0.01313148712847284
0.020932165919863535
0.06319806507680058
0.10846004816387017
0.15142700348320823
0.18680781933695093
0.20931138402723426
0.2136465858561942
0.1945223131259669
0.1466474541386883
0.06473089719649433
-0.056200877176610056
-0.2103445138068029
-0.3787429328448871
-0.5416401651816444
-0.6792802417078467
-0.771907193314266
-0.7997650508916754
-0.7430978453308461
-0.582149607522551
-0.297164368357562
0.13145555545618187
0.707638053683155
1.4065915694075586
2.2004520773382215
3.061355552183975
3.961437968653643
4.8728353014560595
5.7676835253000505
6.6181186148945
7.3962765449481225
8.074301035647444
8.630796935584685
9.0625517488832
9.36952812870269
9.551688728202855
9.608996200543404
9.541413198884038
9.348902376384455
9.031426386204362
8.58894788150346
8.021429515441453
7.3330495655462595
6.546655129006172
5.690259436366266
4.791875900278833
3.8795179333963614
2.9811989483711514
2.1249323578555637
1.3387315745019583
0.6506100109626988
0.08858107989014269
-0.3236758544425619
-0.5931540922877492
-0.7400802972558556
-0.7847332942202765
-0.7473919080544036
-0.648334963631631
-0.5078412858253525
-0.34618969950896133
-0.1836590295558506
-0.04052810083941384
0.06424862849294047
0.12743245626210697
0.15607792041407217
0.15741816834217245
0.13868634743974428
0.10711560510012397
0.06993908871664778
0.034389945682652176
0.007701323391473502
-0.0028936307635518133
0.009490137064737766
0.04404134530993708
0.09242066088311798
0.14597431908432817
0.19604855521361547
0.23398960457102763
0.2511437024566126
0.2388570841704154
0.18847598501248575
0.09134664028287132
-0.06091389313452646
-0.26279930922711864
-0.48853233128762463
-0.7107310479095712
-0.9020135476864861
-1.0349979192118968
-1.0823022510793308
-1.0165446318823141
-0.8103431502143759
-0.43631589466904397
0.13280351598798326
0.9008144636260735
1.8196531777541638
2.834314516894261
3.8897933395681648
4.931084504297881
5.903182869605348
6.751083294012503
7.419780636041287
7.854269754213636
7.9995479180531
7.821884574979902
7.360630292322743
6.67081750624377
5.8074786529051226
4.825646168468951
3.7803524890973965
2.726630050952603
1.7195112901967176
0.8140286429918261
0.06521454550019828
-0.4818719312738244
-0.8363952782324742
-1.02585941022491
-1.0777827120780195
-1.0196835686186874
-0.8790803646738002
-0.6834914850702446
-0.46043531463490633
-0.23743023819467152
-0.04199464057642632
0.10088943248822795
0.1886303392473403
0.23029995334811318
0.23507063848807122
0.2121147583647385
0.17060467667563606
0.11971275711829435
0.06861136339023528
0.02647285918898326
0.002469608212062435
0.005135743764889453
0.0331943801499219
0.07768022925678848
0.12942222112227877
0.17924928578318203
0.2179903532762873
0.23647435363838434
0.22553021690626224
0.17598687311671019
0.07867325230651812
-0.07505850379595433
-0.2776675014526895
-0.5027116161879037
-0.7226789318462907
-0.9100575322725332
-1.037335501311312
-1.0770009228073092
-1.001541880605206
-0.7834464585496859
-0.39520274048542925
0.19037218853315122
0.9723810270321888
1.9007772553656066
2.9205530183232176
3.9767004606948357
5.0142117272702755
5.978078962839353
6.813294312191874
7.464849920117698
7.877737931406549
7.996996162204225
7.794308364380779
7.312755107408206
6.6072496776283005
5.732705361382863
4.744035445013686
3.6961532148625666
2.643971957271298
1.6424049585816798
0.746365505135506
0.010766883274573813
-0.5224535403852695
-0.8659699614168436
-1.0468213851285393
-1.0920468833337231
-1.028685527845761
-0.8837763904780279
-0.6843585430438933
-0.4574710573567265
-0.23015300522989587
-0.02944345847677051
0.12090405817274225
0.2191734174363413
0.27271095408841034
0.2888909295927525
0.27508760541317145
0.23867524301347035
0.18702810385745242
0.12752044940892085
0.06752654113167904
0.014420640489530297
-0.024933642964225684
-0.049372045754709756
-0.06129781440104851
-0.0631689229450864
-0.057443345428667844
-0.046579055893637145
-0.03303402838183876
-0.01926623693511707
-0.007733655595316413
-0.000894258404281173
-0.0010871814667292132
-0.008218891550143848
-0.019919321686032124
-0.03373083717081987
-0.04719580330093283
-0.05785658537279683
-0.06325554868283778
-0.06093505852748074
-0.04843748020315192
-0.023305179006277238
0.016834537648308258
0.07045467511414984
0.13058674197752798
0.1898581734659906
0.24089640480708505
0.27632887122835914
0.2887830079573602
0.2708862502216367
0.2152660332487356
0.11454979226620476
-0.038573697081762566
-0.24123990664724826
-0.4691338409901367
-0.6952228757242067
-0.8924743864631915
-1.0338557488208702
-1.0923343384110091
-1.0408775308473712
-0.8524527017437218
-0.5000272267138262
0.04342726389597335
0.7883329849654668
1.6908613858693455
2.6961232732829967
3.7492294538818056
4.795290734341162
5.779417921336456
6.6467218215430695
7.342313241636396
7.811302988291843
7.998801868184731
7.863952201238939
7.438345854976684
6.776889621298947
5.934501430774315
4.966099213971372
3.9266009014587047
2.8709244238048983
1.853987711578539
0.9307086953482135
0.15600530568250703
-0.42127528524223906
-0.8029414458165915
-1.01598668103866
-1.087587301514544
-1.0449196178503457
-0.9151599406521544
-0.7254845805260893
-0.5030698480782461
-0.27509205391472497
-0.0687275086416271
0.09017622939451193
0.19487443764224197
0.2529391751191114
0.27228901423306134
0.26084252739203223
0.22651828700396498
0.17723486547679995
0.12091083521847801
0.06546476863693988
0.0188152381401262
-0.01131751230547909
-0.02282890709219938
-0.01988675066003022
-0.006989022034635009
0.011366299758324112
0.030681235693184893
0.04645780674428525
0.054198033885963184
0.04940393809255636
0.027577540338402734
-0.015710176503990165
-0.07976569199410775
-0.15533063551401774
-0.2323316633690125
-0.3006954318643847
-0.3503485973054257
-0.37121781599742865
-0.3532297442456853
-0.2863110383554819
-0.16038835463211842
0.03461165061911475
0.30876232109292534
0.6721370004840224
1.1348090324871118
1.706851760796903
2.398338529108101
3.2193426811154175
4.179937560513558
5.29019651099723
6.560192876261141
8.0
