136
145
139
132
131
138
139
151
151
139
128
128
141
127
128
125
125
129
139
145
167
181
181
166
166
166
167
176
153
133
121
121
123
128
130
130
124
122
121
133
136
128
127
125
98
86
60
54
54
5
352
286
286
284
289
303
315
334
29
29
38
35
18
359
23
23
202
133
49
62
88
87
85
99
114
146
146
136
126
139
139
139
129
112
114
114
132
135
139
148
147
144
124
124
119
132
132
144
135
134
134
149
149
143
117
119
163
177
191
300
300
306
310
307
315
321
330
299
299
300
310
310
310
314
318
318
315
313
310
316
315
318
329
348
342
340
3
32
12
2
18
23
23
11
12
2
357
359
356
353
1
355
355
353
358
357
5
0
346
345
335
335
333
327
323
321
312
306
321
321
330
351
351
341
332
338
338
25
21
22
237
145
169
303
331
88
88
148
150
150
141
146
149
149
163
161
146
142
165
188
194
215
204
199
199
174
184
184
196
208
201
192
213
216
219
222
222
224
222
220
237
237
251
293
304
315
315
329
342
172
177
230
223
221
217
188
135
111
111
119
128
134
149
152
153
143
143
147
147
164
164
155
167
216
216
207
206
199
190
166
155
158
167
135
127
128
147
192
199
199
206
182
144
143
153
134
134
122
142
147
147
143
130
130
136
134
134
152
159
168
171
165
208
221
229
284
308
313
313
126
126
217
226
226
131
135
135
145
145
138
129
136
147
207
238
238
245
250
266
266
280
287
304
304
283
230
230
230
230
352
5
10
23
11
349
325
319
314
314
314
115
102
106
113
120
123
132
138
138
142
138
133
133
142
130
130
103
118
122
122
137
137
128
132
135
117
104
103
117
110
140
151
148
136
155
170
166
175
175
155
152
163
180
195
227
233
233
230
231
225
222
222
224
91
107
107
132
142
142
136
117
117
37
39
40
47
63
75
66
40
2
2
351
335
323
271
212
155
98
112
112
141
144
144
144
151
163
196
185
132
2
330
315
315
301
299
293
293
295
290
279
292
293
292
291
296
306
306
302
272
243
236
260
260
289
304
306
306
318
323
348
10
37
96
121
121
159
166
177
157
144
146
161
194
151
126
110
111
178
193
187
170
150
147
147
149
154
154
143
209
219
218
216
216
212
212
161
180
180
183
170
170
207
229
237
239
235
231
231
230
248
302
311
306
317
317
316
319
319
320
315
315
313
317
316
316
320
321
313
307
286
213
213
223
332
338
338
88
52
52
307
244
243
232
191
234
238
238
230
244
244
235
232
230
224
227
229
222
212
178
178
184
174
171
215
215
201
154
147
124
87
49
49
336
281
302
307
307
280
222
220
216
203
186
196
233
256
277
277
266
199
224
234
225
225
218
224
230
239
247
