287
315
315
316
315
300
300
286
287
291
267
266
266
268
247
249
249
286
307
307
312
312
311
295
288
288
286
277
270
270
251
235
224
221
220
217
190
190
194
211
212
209
212
212
237
238
238
238
241
241
224
224
217
202
143
128
127
118
112
199
215
226
239
242
242
243
226
226
90
67
67
78
99
99
91
62
60
60
39
359
278
294
251
235
236
245
255
255
284
294
294
294
292
291
291
303
306
304
304
312
314
314
314
297
297
279
280
280
276
276
263
247
241
240
240
234
234
233
235
235
262
262
262
246
240
229
229
225
245
249
249
255
253
253
262
285
285
233
200
227
236
270
298
298
295
293
300
282
261
222
175
165
163
171
168
163
153
152
155
173
167
150
141
139
139
135
135
156
184
232
237
256
253
250
249
246
238
223
222
177
333
333
333
163
158
172
180
165
153
148
155
149
146
146
142
143
145
163
166
183
188
188
192
252
252
296
41
41
141
170
170
168
188
244
241
225
223
231
227
0
342
340
343
343
339
314
314
308
311
311
309
296
278
260
277
284
295
295
296
279
274
259
253
248
241
220
222
192
158
145
141
140
139
144
144
160
198
198
290
291
291
291
293
290
273
283
280
272
267
283
255
255
246
254
252
252
151
177
209
224
283
316
313
304
308
288
308
298
308
303
299
299
299
274
231
231
231
259
235
229
229
229
172
172
152
157
147
174
258
256
254
239
242
251
253
246
255
283
293
308
318
332
329
332
307
300
300
300
293
293
300
301
301
300
300
281
289
302
303
303
308
301
299
302
306
306
319
308
305
305
288
292
292
316
314
315
326
329
310
310
291
258
258
241
197
197
188
166
165
166
160
165
177
180
165
166
166
166
169
169
173
178
178
179
184
205
220
226
226
230
229
224
225
225
223
231
231
233
275
280
280
260
259
259
257
266
267
259
257
236
224
210
240
240
273
328
328
329
329
225
225
163
144
170
141
130
124
125
134
134
152
163
207
207
222
204
204
168
166
166
170
170
186
214
215
215
222
220
222
225
226
226
233
242
249
256
287
308
317
329
329
326
310
306
289
282
267
144
144
156
161
170
173
184
184
185
165
155
155
153
152
150
132
102
102
118
126
119
114
116
121
121
126
137
159
159
159
181
186
192
192
211
199
215
226
226
237
239
270
289
281
283
287
290
286
287
285
293
302
302
311
311
306
307
312
317
320
320
315
325
325
326
326
323
324
314
314
313
315
326
326
321
313
313
300
282
282
283
283
283
289
276
274
268
269
261
255
255
253
263
261
261
252
259
259
268
290
290
299
306
306
311
304
302
302
305
299
302
302
301
297
289
289
289
285
285
262
253
253
251
289
295
294
296
296
288
283
285
285
298
