--
19.41
19.41
19.41
19.41
19.42
19.42
19.43
19.43
19.43
19.44
19.44
19.44
19.45
19.46
19.46
19.46
19.47
19.47
19.48
19.49
19.49
19.50
19.51
19.52
19.53
19.53
19.54
19.54
19.54
19.54
19.54
19.54
19.54
19.54
19.54
19.54
19.54
19.54
19.54
19.54
19.54
19.54
19.54
19.54
19.54
19.54
19.53
19.53
19.51
19.49
19.46
19.44
19.42
19.41
19.42
19.44
19.48
19.54
19.58
19.62
19.58
19.44
19.17
19.17
19.07
18.94
19.02
19.12
19.20
19.24
19.31
19.31
19.31
19.33
19.33
19.40
19.54
19.62
19.72
19.82
19.82
19.87
19.94
19.96
20.03
20.03
20.07
20.12
20.23
20.23
20.13
20.05
19.96
19.88
19.79
19.73
19.71
19.73
19.77
19.77
19.79
19.82
19.83
19.83
19.78
19.71
19.64
19.65
19.71
19.76
19.83
19.94
20.09
20.87
21.15
21.37
21.62
21.90
22.15
21.87
21.53
21.46
21.42
21.07
20.90
20.90
21.00
20.72
20.46
20.22
20.02
19.82
19.67
19.60
19.27
18.15
16.86
15.61
14.32
12.80
11.44
10.81
10.63
10.39
10.59
10.59
11.67
12.30
12.30
13.27
13.59
13.68
13.73
13.73
14.13
14.50
14.87
14.87
15.43
15.43
15.07
14.76
14.76
14.26
14.26
14.09
13.87
13.42
13.42
13.48
13.61
13.61
13.87
14.06
14.06
13.34
12.89
12.89
12.10
12.08
12.66
12.85
12.85
13.08
13.07
12.98
12.92
12.93
12.93
13.25
13.46
13.61
13.73
13.82
13.84
13.72
13.72
13.22
12.98
12.98
12.39
11.99
11.73
11.56
11.39
11.46
11.46
11.60
12.01
12.25
12.40
12.48
12.54
12.58
12.58
12.56
12.59
12.56
12.50
12.41
12.41
12.37
12.14
12.06
12.06
11.96
11.91
11.86
11.89
12.11
12.31
12.52
12.75
12.86
12.91
12.74
12.39
12.10
12.10
11.67
11.49
11.38
11.28
11.28
11.08
11.09
10.96
10.96
10.78
10.79
10.61
10.38
10.28
10.42
10.35
10.35
10.49
10.88
11.18
11.36
11.53
11.53
12.26
12.20
12.06
12.00
12.00
11.87
11.65
11.46
11.32
11.26
11.25
11.66
11.66
11.89
12.23
12.23
12.26
12.07
12.07
11.94
12.20
12.54
12.54
13.15
13.29
13.39
13.47
13.51
13.49
13.43
13.48
13.69
13.81
13.59
12.86
12.86
12.48
11.52
11.15
11.08
11.05
11.08
11.28
11.59
11.72
11.70
11.67
11.69
11.56
11.47
11.47
11.65
11.92
11.96
12.00
12.13
12.18
12.24
12.42
12.60
12.84
12.97
13.14
13.14
13.07
12.87
12.20
12.20
12.11
12.13
12.12
12.20
12.20
12.44
12.58
12.62
12.69
12.68
12.62
12.51
12.17
11.78
11.78
11.39
11.34
11.24
11.12
11.10
11.04
11.11
11.11
11.37
11.42
11.42
11.12
10.92
10.66
10.46
10.33
10.28
10.35
10.36
10.32
10.27
10.23
10.03
10.03
9.97
9.93
9.92
9.92
9.92
10.20
10.38
10.59
10.82
11.05
11.19
11.36
11.78
11.60
11.60
11.44
11.27
11.27
10.65
10.56
10.61
10.66
10.74
10.89
11.09
11.22
11.14
10.99
10.99
10.62
10.62
10.60
10.65
10.68
10.79
10.98
11.09
11.17
11.26
11.21
11.23
11.26
11.26
11.27
10.93
10.93
10.94
10.94
10.94
10.97
11.34
11.75
12.12
12.34
12.53
12.68
12.68
12.01
12.01
11.59
11.01
11.01
10.71
10.44
10.44
10.35
10.35
10.53
10.53
10.93
11.16
11.45
11.76
12.00
12.00
12.03
12.01
11.96
11.62
11.47
11.38
11.26
11.22
11.20
11.19
11.10
11.00
10.98
11.00
10.91
10.91
11.05
11.05
11.07
11.17
11.27
11.20
10.99
10.98
10.98
10.74
10.71
10.67
10.65
10.63
10.54
10.41
10.31
10.28
10.23
10.20
10.29
10.29
10.26
10.08
10.03
9.91
9.79
9.77
9.79
9.80
9.81
9.94
10.18
10.21
10.12
10.12
10.09
9.97
9.57
9.57
9.59
9.66
9.77
10.00
10.34
10.36
10.36
10.37
10.61
10.61
10.68
11.27
11.27
11.45
11.61
11.77
11.87
11.90
11.98
12.01
12.01
11.67
11.36
11.07
10.79
10.56
10.38
10.25
10.25
10.10
10.20
10.46
10.61
10.61
11.13
11.41
11.52
11.52
11.49
11.43
11.32
11.16
11.09
11.08
11.27
11.61
11.61
11.75
11.89
12.26
12.28
12.28
12.36
12.32
12.08
11.83
11.65
11.51
11.36
11.33
11.49
11.74
12.30
12.51
12.51
12.40
12.21
11.96
11.64
11.45
11.45
11.36
11.33
11.48
11.63
11.78
12.02
12.02
11.95
11.85
11.79
11.64
11.32
11.25
11.37
11.46
11.43
11.48
11.59
11.71
11.96
12.17
12.17
12.10
11.85
11.64
11.35
11.01
10.85
