197
200
185
178
194
257
305
312
312
102
110
110
70
137
139
106
33
6
349
318
266
266
229
283
311
311
315
310
311
313
313
318
323
332
332
349
349
336
304
309
298
235
216
117
117
117
112
114
129
130
136
143
143
153
169
193
193
170
158
159
106
114
117
78
244
239
235
235
138
88
88
94
133
142
119
110
83
67
30
297
297
320
294
280
280
264
256
246
238
229
227
225
227
240
274
296
263
238
227
232
228
220
215
215
213
133
133
62
97
106
127
122
121
124
135
134
142
144
151
154
170
176
171
171
153
150
177
224
345
71
75
94
101
109
169
62
48
48
49
45
45
58
70
96
129
143
158
165
177
190
149
149
159
214
214
110
75
75
162
170
166
177
167
142
126
45
45
45
14
14
357
26
26
38
56
111
111
110
19
66
134
134
150
150
120
273
220
220
176
191
240
63
95
39
39
25
0
311
311
234
233
231
227
230
229
227
229
190
190
140
212
252
252
135
111
97
10
14
69
109
131
129
123
121
185
185
209
226
226
248
247
247
225
64
64
50
91
110
124
126
126
132
98
98
194
150
150
140
124
115
130
133
129
129
135
134
134
126
126
128
136
141
142
153
155
137
137
126
127
125
125
128
151
151
136
146
146
221
293
293
262
325
325
43
239
239
246
243
243
239
239
244
235
238
238
290
283
283
281
264
264
235
236
236
197
143
143
121
42
42
321
321
43
59
132
128
77
24
318
318
143
135
135
129
117
137
137
147
151
151
187
190
162
144
147
163
174
159
105
105
111
75
99
99
51
67
103
161
188
200
156
128
121
119
126
127
117
133
136
136
135
137
137
160
145
115
92
182
292
285
266
266
274
149
183
183
144
139
130
124
125
128
130
122
134
134
152
141
142
142
100
42
356
356
286
263
261
265
289
291
291
287
271
271
274
267
277
276
267
294
308
298
225
207
198
295
309
291
256
210
196
210
198
180
192
228
239
237
238
244
266
265
265
233
247
257
283
302
306
306
309
284
284
273
297
257
257
354
358
39
27
300
304
227
223
227
282
320
296
296
301
307
307
294
228
220
220
217
229
229
251
251
251
237
236
236
231
202
202
222
225
226
230
239
224
224
205
218
235
246
242
238
234
236
235
238
239
254
268
282
297
274
274
267
272
282
288
307
314
319
303
289
289
259
252
252
246
244
244
247
245
245
238
233
233
244
248
248
293
298
298
252
225
224
241
244
262
295
299
291
291
294
294
294
302
298
302
302
271
247
230
216
210
205
206
209
205
205
205
280
280
241
231
236
243
245
247
273
267
267
237
226
226
216
248
248
198
205
227
223
97
74
84
106
116
123
126
151
151
166
218
228
228
220
221
215
215
226
222
216
