0.0
1.1001665047115522e-09
1.858402418845502e-09
2.312066825446438e-09
2.4985188075589524e-09
2.4551174482276325e-09
2.2192218304970712e-09
1.8281910374118558e-09
1.3193841520165767e-09
7.301602573558256e-10
9.787843647419222e-11
-5.401022275837366e-10
-1.1464226517733694e-09
-1.6837237530501152e-09
-2.114646448369383e-09
-2.4018316546865848e-09
-2.507920288957131e-09
-2.395553268136429e-09
-2.0273715091798948e-09
-1.3660159290429323e-09
-3.741274446809547e-10
9.731160812915498e-10
2.5687814383689923e-09
4.227134070385667e-09
5.761378562118616e-09
6.9847194983448985e-09
7.710361463841552e-09
7.751509043385643e-09
6.921366821754203e-09
5.033139383724299e-09
1.9000313140729666e-09
-2.6409103952982416e-09
-8.299700685087052e-09
-1.4380838574718938e-08
-2.0174501486346688e-08
-2.4970866842123104e-08
-2.8060112064200965e-08
-2.8732414574733065e-08
-2.6277951795872203e-08
-1.9986901149771132e-08
-9.149440058582757e-09
6.911055824703428e-09
2.7499570291355494e-08
5.0090911532076196e-08
7.203258465069921e-08
9.06720947510591e-08
1.0335694693698963e-07
1.0743464631232508e-07
1.0025269798089955e-07
7.9158607046547e-08
4.149987861310193e-08
-1.5348030252952813e-08
-9.015871936854075e-08
-1.7396028340192828e-07
-2.568525653462976e-07
-3.2893540819483367e-07
-3.8030865494071896e-07
-4.010721485771382e-07
-3.8132573209727466e-07
-3.1116924849431135e-07
-1.8070254076143373e-07
1.996979588889235e-08
2.907960489432983e-07
6.008145129306706e-07
9.130770547199058e-07
1.190635541179906e-06
1.3965418391795747e-06
1.4938478155878086e-06
1.445605337273509e-06
1.214866271105579e-06
7.646824839529135e-07
5.81058426844214e-08
-9.182057618246396e-07
-2.061810491265455e-06
-3.234825050724738e-06
-4.299357064684889e-06
-5.117514157628335e-06
-5.551403954037505e-06
-5.4631340783947966e-06
-4.7148121551826435e-06
-3.1685458088834693e-06
-6.864426639796361e-07
2.8178482950643566e-06
7.023857918703141e-06
1.1418128193465976e-05
1.54860377504137e-05
1.8712965220606962e-05
2.058428923510661e-05
2.058538842497342e-05
1.8201641421268124e-05
1.2918426855051557e-05
4.221123357384487e-06
-8.304790204436462e-06
-2.3725824508805303e-05
-4.014242898633803e-05
-5.5634010536795526e-05
-6.827997605993855e-05
-7.615973245552776e-05
-7.735268662332378e-05
-6.993824546308734e-05
-5.199581587457914e-05
-2.1604804757559818e-05
2.2993479227408057e-05
7.934870202884932e-05
0.0001405128290577163
0.00019931810928199112
0.00024859679166965644
0.00028118112518869245
0.0002899033588070823
0.0002675957414928078
0.0002070905222138497
0.00010121994993819207
-5.699493339191971e-05
-0.0002622262831689618
-0.0004894852790274339
-0.0007120215099394959
-0.0009030845648773185
-0.0010359240328130688
-0.0010837895027189148
-0.001019930563567022
-0.0008175968043295581
-0.00045003781397869253
0.00010939409435945222
0.0008540116950786173
0.0016960664890897177
0.002535724583313439
0.0032731520846704804
0.003808515100081502
0.004041979736467204
0.0038737121007482774
0.0032038782998454066
0.0019326444406792499
-3.982298645769551e-05
-0.0027305507242167907
-0.005841754042491925
-0.009000847779993739
-0.011835246775432701
-0.013972365867519453
-0.015039619894964565
-0.01466442369647861
-0.012474192110772182
-0.008096339976555851
-0.001158282132540215
0.008615355337365793
0.020913388450617094
0.035205724531108665
0.05096189569140984
0.06765143404409023
0.08474387170171857
0.10170874077686445
0.1180155733820973
0.1331339016299863
0.1465332576331009
0.15771682293261355
0.16652112542097594
0.17297314236165195
0.17710208241377953
0.17893715423649653
0.17850756648894084
0.17584252783025045
0.1709712469195632
0.16392293241601696
0.15472679297874936
0.1434232483015822
0.13025079622514493
0.11561758692867465
0.09993725366305042
0.08362342967915137
0.06708974822785659
0.050749842560045014
0.035017345926595306
0.020305891578387518
0.007029112766300238
-0.0044035898858452
-0.013740954771997995
-0.02093351837433789
-0.025944944626223692
-0.0287388974610142
-0.029279040812068172
-0.02752903861274439
-0.023452554796401674
-0.017013253296398856
-0.008174798046094691
0.0030975165531341013
0.01664915359506844
0.03196228809193458
0.048477942526289196
0.06563713938068726
0.08288090113768544
0.09965025027983987
0.11538620928970668
0.12952980064984193
0.14152204684280179
0.15080415238073877
0.1570480282774239
0.1606077077500832
0.1619626870725553
0.16159246251867931
0.15997653036229423
0.15759438687723898
0.15492552833735249
0.15244945101647372
0.15064565118844161
0.14999362512709513
0.15083342438279854
0.15285525598386965
0.15556017265590816
0.15844920568565
0.1610233863598308
0.1627837459651865
0.16323131578845276
0.16186712711636536
0.1581922112356602
0.151707599433073
0.14201166140132968
0.12943004053597984
0.11461745647930198
0.09823024894586631
0.08092475765024298
0.0633573223070017
0.046184282630713835
0.030061978335949036
0.015646749137277517
0.003594934749269485
-0.0054844440114880455
-0.011580134776769477
-0.015090463734088228
-0.0164217432991656
-0.015980285887722826
-0.014172403915481236
-0.01140440979816214
-0.008082615951486825
-0.004613334791176581
-0.0014028787329526935
0.0011526362494615008
0.0029012151231634213
0.003940440934838728
0.004379184768154612
0.004326317706778381
0.003890710834377291
0.003181235234618599
0.002306761991169564
0.0013761621876974457
0.0004983069078694999
-0.0002188289484672886
-0.0007189174430041422
-0.0010244854036846234
-0.001164704749456475
-0.001168747399267441
-0.0010657852720652638
-0.0008849902867976868
-0.0006555343624124528
-0.0004065894178572967
-0.00016732737207997977
3.311980788849361e-05
0.00017575599531282794
0.0002650782012686796
0.0003089030178797624
0.00031504703726979055
0.00029132685156247766
0.00024555905288153765
0.00018556023335068242
0.00011914698509362987
5.413590023409229e-05
-1.6564934473198953e-06
-4.223899354093839e-05
-6.821656305099217e-05
-8.168365152459397e-05
-8.473470850885638e-05
-7.946418355089167e-05
-6.796652619781291e-05
-5.2336185996732666e-05
-3.4667612494763484e-05
-1.7055255239018084e-05
-1.5935637766090004e-06
9.926034582508523e-06
1.744738507572289e-05
2.153095457350482e-05
2.273794914059061e-05
2.162957484171702e-05
1.8767037741620577e-05
1.471154390503785e-05
1.0024299396705401e-05
5.266510281359778e-06
9.993826237375356e-07
-2.2617890966751843e-06
-4.4308621974203666e-06
-5.655846141319897e-06
-6.087115640207385e-06
-5.875045405916438e-06
-5.170010150280662e-06
-4.122384585133672e-06
-2.8825434223090714e-06
-1.6008613736404668e-06
-4.277131509614378e-07
4.926079696798258e-07
1.1159396514694514e-06
1.4801570494318337e-06
1.6255529461648472e-06
1.5924201242663725e-06
1.421051366334286e-06
1.151739454966468e-06
8.247771727607961e-07
4.804573023151486e-07
1.590726262274041e-07
-9.973187426047492e-08
-2.7829309759368205e-07
-3.857779465225532e-07
-4.32982839605007e-07
-4.307041953989478e-07
-3.8973843246227953e-07
-3.208819693529068e-07
-2.3493122462873339e-07
-1.4268261684766366e-07
-5.493256456760206e-08
1.756801604550333e-08
6.857280121255902e-08
1.0009144070274517e-07
1.1501682614980067e-07
1.1624184918746438e-07
1.0665940144947516e-07
8.916237456957186e-08
6.664366018149326e-08
4.1996149918976556e-08
1.8112735415764153e-08
-2.1147126829097993e-09
-1.6646012695138737e-08
-2.5837772797901774e-08
-3.046514096824997e-08
-3.130326518323442e-08
-2.912729341990619e-08
-2.471237365531635e-08
-1.8833653866515966e-08
-1.2266282030556132e-08
-5.785406124487915e-09
-1.661741253623832e-10
3.963973899084283e-09
6.631719804833161e-09
8.044757485637287e-09
8.4107872159621e-09
7.937509270273015e-09
6.832623923035549e-09
5.303831448715148e-09
3.558832121777262e-09
1.8053262166873486e-09
2.510140079108571e-10
-9.200392160479866e-10
-1.6910362569374486e-09
-2.11734578310955e-09
-2.2546209153750344e-09
-2.1585147745446413e-09
-1.884680481429111e-09
-1.4887711568391847e-09
-1.026439921585605e-09
-5.533398964791107e-10
-1.2512420233044305e-10
2.0595090209971e-10
4.27938427370932e-10
5.55292467720724e-10
6.029252319265961e-10
5.857489287660577e-10
5.186757670166186e-10
4.166179554557882e-10
2.9448770286107585e-10
1.6719721800999142e-10
4.965870968004476e-11
-4.3629899397275405e-11
-1.0733053562406372e-10
-1.4506469024864092e-10
-1.6082807757030512e-10
-1.5861641188835408e-10
-1.4242540750208603e-10
-1.1625077871079694e-10
-8.408823981378859e-11
-4.993350511035759e-11
-1.778228889980186e-11
8.407770129313498e-12
2.6631764070340825e-11
3.773474098531809e-11
4.2787349293927686e-11
4.286023741585202e-11
3.90240537707735e-11
3.23494467783745e-11
2.3907064858337417e-11
1.4767556430344668e-11
6.00156991407864e-12
-1.3221499123684174e-12
-6.52153436726046e-12
-9.769086799464898e-12
-1.1351686588413333e-11
-1.1556213113537132e-11
-1.0669545754268003e-11
-8.978563890037496e-12
-6.7701469002771665e-12
-4.3311741644185735e-12
-1.9485250618932646e-12
9.092899785512129e-14
1.5706355135999423e-12
2.5156244204875576e-12
3.0027648165617924e-12
3.108925799866475e-12
2.9109764684454323e-12
2.4857859203424922e-12
1.9102232536014803e-12
1.2611575662662249e-12
6.154579563805097e-13
4.9993521988254966e-14
-3.701419925427465e-13
-6.438755228181707e-13
-7.917869971671596e-13
-8.344734283334651e-13
-7.9253182906084e-13
-6.865592120930346e-13
-5.371525901738029e-13
-3.6490897604689624e-13
-1.9042538245606635e-13
-3.4298822145065917e-14
8.46790231158653e-14
1.6365365041756725e-13
2.0807248526781365e-13
2.234544805977867e-13
2.1531858933866824e-13
1.8918376442163794e-13
1.505689587778816e-13
1.0499312533858016e-13
5.797521703491534e-14
1.503418679806927e-14
-1.8554488009711108e-14
-4.1258090419786647e-14
-5.447691664310471e-14
-5.968976566064091e-14
-5.837543645337087e-14
-5.201272800227013e-14
-4.2080439288314296e-14
-3.0057369292478915e-14
-1.742231699573965e-14
-5.6540813790720096e-15
3.795282415767331e-15
1.0301203395172031e-14
1.420524240859745e-14
1.5903642448764495e-14
1.5792646508393532e-14
1.426849758020493e-14
1.1727438656919072e-14
8.565712731256317e-15
5.179562795937043e-15
1.965231843681626e-15
-6.830402341474185e-16
-2.541978022837066e-15
-3.687547760125438e-15
-4.2259224359184504e-15
-4.263275040122022e-15
-3.9057785626420675e-15
-3.2596059933844977e-15
-2.430930322255235e-15
-1.525924539160131e-15
-6.507616340052287e-16
8.844133765091596e-17
6.182009697694122e-16
9.52474535691324e-16
1.1197110023199402e-15
1.1483593365585479e-15
1.0668685053104335e-15
9.036874754788859e-16
6.872652139671912e-16
4.460506876786382e-16
2.0849286351651405e-16
3.040708384106071e-18
-1.475682432935037e-16
-2.446340788211397e-16
-2.957796466334531e-16
-3.0862782443767854e-16
-2.908014899410503e-16
-2.499235208508055e-16
-1.9361679487417916e-16
-1.2950418971840663e-16
-6.520858309072307e-17
-8.352852698363553e-18
3.4362911369845855e-17
6.242810193006521e-17
7.787741934260982e-17
8.27534075331326e-17
7.909861042728672e-17
6.895557195072509e-17
5.436683602910077e-17
3.7374946588066736e-17
2.002244755327598e-17
4.351882850381575e-18
-7.72871092283593e-18
-1.5812522946586072e-17
-2.043243581371742e-17
-2.2135747519606915e-17
-2.1469756059631484e-17
-1.8981759429168024e-17
-1.52190556235935e-17
-1.0728942638284805e-17
-6.0587184686188784e-18
-1.755681109972636e-18
1.6496480250923676e-18
3.970172187765412e-18
5.340177326353137e-18
5.9063114967102086e-18
5.815222754691294e-18
5.213559156151057e-18
4.247968756944101e-18
3.065099612925217e-18
1.811599779949027e-18
6.341173138701984e-19
-3.223064447154927e-19
-9.86394350140087e-19
-1.3897974159441671e-18
-1.5718098701694765e-18
-1.5717259408577597e-18
-1.4288398560507616e-18
-1.1824458437902258e-18
-8.718381321178965e-19
-5.363109490755175e-19
-2.1515852270483324e-19
5.241374766771904e-20
2.4193624495542923e-19
3.6000235353929475e-19
4.1714092973162837e-19
4.238808298447342e-19
3.907509101909277e-19
3.2828002708251996e-19
2.469970368318217e-19
1.5743079575114324e-19
7.011016015279546e-20
-4.436707005981118e-21
-5.83877967716547e-20
-9.27618540120991e-20
-1.103800759348125e-19
-1.140636597472928e-19
-1.0663380265703799e-19
-9.091170187154611e-20
-6.971855459831519e-20
-4.58755580448431e-20
-2.220390941862645e-20
-1.5248059271665314e-21
1.3797652551892047e-20
2.375951747809713e-20
2.911635851053249e-20
3.062410816687963e-20
2.903869896481998e-20
2.511606342203505e-20
1.961213405620628e-20
1.3282843385015171e-20
6.884123926143179e-21
1.1719081972717799e-21
-3.1687485058952704e-21
-6.044203650472987e-21
-7.654855810557749e-21
-8.20323784937742e-21
-7.891882630159867e-21
-6.92332301613288e-21
-5.5000918705244525e-21
-3.8247220565624206e-21
-2.099746437474641e-21
-5.276978764889827e-22
6.98611067895063e-22
1.5261120097787554e-21
2.006469013258038e-21
2.1938810135629046e-21
2.142546945923346e-21
1.9066657455693553e-21
1.5404363477309222e-21
1.0980576876380409e-21
6.337287005207016e-22
2.0164832160889783e-22
-1.4507804814932177e-22
-3.843084229432923e-22
-5.284851789485152e-22
-5.918711938571128e-22
-5.887293453611884e-22
-5.333225111528458e-22
-4.399135689241876e-22
-3.2276539636731733e-22
-1.9614087117433805e-22
-7.430287103735301e-23
2.8566728890937453e-23
1.043029781975659e-22
1.5480118629986305e-22
1.8291392873624876e-22
1.9149378104514405e-22
1.8339331876496937e-22
1.614651174341455e-22
1.28561752591093e-22
8.753579977422958e-23
4.1239834521981554e-23
-7.473567627233132e-24
-5.575183113499361e-23
-1.0074238046287943e-22
-1.3959264007246982e-22
-1.6945003442534435e-22
-1.874619879830822e-22
-1.9077592520726282e-22
-1.7653927055946549e-22
-1.418994485012697e-22
-8.400388349425472e-23
0.0
