255
259
209
186
130
107
106
106
124
121
137
137
165
166
166
179
186
186
234
229
229
219
217
218
218
187
195
204
207
208
208
210
206
210
210
220
172
147
143
140
124
98
107
123
123
161
215
215
218
215
216
195
174
137
172
172
164
147
115
115
73
60
60
65
68
68
59
58
56
56
57
42
42
45
171
166
175
190
215
225
236
236
227
222
346
327
321
310
319
319
320
308
308
310
286
278
274
269
246
219
225
269
305
320
323
34
34
49
53
192
192
245
244
226
223
227
234
238
225
215
213
227
237
261
276
293
293
317
332
137
154
152
150
150
353
326
131
131
83
64
64
69
127
127
137
118
116
116
93
88
93
99
102
97
140
187
341
341
328
315
276
290
310
317
315
299
234
217
179
175
197
197
187
194
213
216
216
216
208
214
214
219
210
210
209
209
208
208
194
185
181
177
181
200
234
256
335
336
24
268
213
213
233
233
221
221
221
221
226
228
233
243
217
196
199
199
131
137
141
152
171
176
182
194
218
226
226
225
239
239
176
128
135
133
131
129
129
123
115
115
118
125
125
107
115
119
119
126
106
106
103
105
86
50
107
121
117
112
119
135
141
150
150
156
184
173
164
160
123
103
103
110
121
120
118
120
127
133
132
134
134
139
141
141
137
137
142
147
161
186
183
179
175
175
179
206
206
209
225
224
220
204
185
189
189
195
201
201
199
198
198
202
205
205
207
210
200
200
190
189
191
221
230
229
210
209
199
199
231
215
210
212
203
193
171
145
148
153
160
163
165
187
187
187
180
168
156
152
156
149
137
122
122
125
141
144
144
135
135
138
133
132
134
135
138
146
153
159
163
163
157
158
154
154
155
161
157
150
146
144
149
150
152
152
149
148
152
149
147
166
169
161
165
150
150
138
140
140
149
133
131
131
135
134
139
144
144
144
146
143
139
142
142
142
144
134
129
140
147
152
152
146
135
135
134
130
131
131
127
126
119
116
119
123
129
133
134
134
135
137
137
145
146
138
135
125
122
118
45
45
44
0
351
340
303
291
208
208
199
134
136
139
137
148
184
184
266
157
131
131
124
124
124
125
134
134
150
162
162
206
216
216
239
247
247
275
287
287
295
299
287
285
285
290
294
294
318
317
308
309
309
304
306
306
316
318
344
349
349
353
29
47
47
41
41
41
318
214
281
318
326
336
330
343
334
334
293
236
236
213
226
332
332
335
353
348
348
347
339
339
327
315
316
312
315
314
306
309
316
316
316
314
311
311
309
294
297
297
300
305
305
315
313
314
313
312
311
309
305
300
306
297
283
280
284
292
294
297
311
310
317
317
314
310
79
140
109
109
71
40
40
39
329
329
317
301
303
303
333
46
