0.5
0.5022208676271077
0.5037514919355183
0.5046672883989409
0.5050436724910855
0.5049560596856615
0.5044798654563781
0.5036905052769454
0.5026633946210722
0.5014739489624684
0.5001975837748436
0.4989097145319071
0.4976857567073686
0.49660112577493737
0.49573123720832313
0.4951515064812353
0.49493734906738335
0.49516418044047683
0.49590741607422534
0.49724247144233824
0.4992447620185253
0.501964395382974
0.5051855092053402
0.5085331676361342
0.5116302933068084
0.5140998088488153
0.5155646368936074
0.5156477000726372
0.5139719210173569
0.510160222359219
0.5038355267296762
0.494638393641641
0.4825444332999258
0.46782922714112296
0.45077895067951634
0.43167977942938973
0.41081788890502696
0.3884794546207119
0.3649506520907282
0.34051765682935936
0.31546664435088995
0.29008470760903055
0.26469684510530767
0.2396786325922959
0.21540916386760495
0.19226753272884375
0.17063283297362206
0.15088415839954883
0.13340060280423385
0.1185612599852861
0.10674522374031516
0.0983292833169777
0.09337273001518094
0.09129626299921008
0.09144405005054086
0.09316025895064897
0.09578905748101017
0.09867461342310024
0.1011610945583948
0.10259266866836965
0.10231350353450051
0.09966788663460958
0.09425064809363529
0.08643516233469946
0.07674558670499451
0.06570607855171276
0.05384079522204649
0.04167389406318817
0.029729532422329955
0.018531867646664413
0.00860505708338369
0.00047325807968029215
-0.005449845840200107
-0.009292428404438976
-0.011348525800767978
-0.011912216713235274
-0.011277579825889048
-0.009738693822777467
-0.007589637387948748
-0.005124489205451059
-0.002637327959332578
-0.0004222323336414434
0.0012561721279633344
0.002365735925130518
0.002984592408111546
0.0031915397228083325
0.003065376015122788
0.002684899430956838
0.0021289081162123974
0.0014762002167913707
0.0008055738785956991
0.00019582724752728844
-0.00027834844572622143
-0.0005975681800525921
-0.0007820825214831467
-0.0008530053695773812
-0.0008314506238947826
-0.0007385321839948405
-0.0005953639494370399
-0.00042305981978087403
-0.00024273369458582993
-7.549947341139548e-05
5.800585493234628e-05
0.00014954374278558367
0.00020412442819246944
0.00022740536348904078
0.000225044001011334
0.00020269779309538602
0.00016602419207723375
0.00012068065029291392
7.232462007846242e-05
2.6613553769917675e-05
-1.0835024178621235e-05
-3.70063586467877e-05
-5.304380008931504e-05
-6.046325829086144e-05
-6.0780643036085816e-05
-5.551186410964676e-05
-4.6172831296202764e-05
-3.427945438041272e-05
-2.1347643146935147e-05
-8.893307380428622e-06
1.5692029308794101e-06
9.03170577879951e-06
1.3716879475614834e-05
1.6030910823923097e-05
1.6379986626322003e-05
1.5170293685409263e-05
1.2808018803782607e-05
9.699348784039747e-06
6.2504704287783974e-06
2.8675705405962186e-06
-4.316449585515509e-08
-2.1658230020548436e-06
-3.5276960859210994e-06
-4.237621173186169e-06
-4.404435689582263e-06
-4.136977060841637e-06
-3.544082712696527e-06
-2.7345900708791556e-06
-1.817336561121788e-06
-9.011596091566489e-07
-9.489664071597389e-08
5.07470284443955e-07
9.015941300923593e-07
1.116580458527756e-06
1.1815921700813791e-06
1.125792165084464e-06
9.783433438682467e-07
7.684086067639632e-07
5.251508541028484e-07
2.7773298621613726e-07
5.531790343506515e-08
-1.1515466635378255e-07
-2.2876873989957475e-07
-2.931910674870031e-07
-3.162358247087709e-07
-3.0571718715758204e-07
-2.6944933042614024e-07
-2.1524643010714934e-07
-1.5092266179331319e-07
-8.429220107733532e-08
-2.3169223551917883e-08
2.492104309643664e-08
5.755854366547043e-08
7.669576209922222e-08
8.442650043727195e-08
8.28445607191996e-08
7.404374498458518e-08
6.011785527300857e-08
4.316069362404917e-08
2.5266062077288136e-08
8.527762672304947e-09
-4.990185240545635e-09
-1.4336500370846995e-08
-1.997984456658442e-08
-2.2481250393374004e-08
-2.2401750416831843e-08
-2.0302377202573934e-08
-1.6744163316216514e-08
-1.2288141323375614e-08
-7.495343789667347e-09
-2.926803280707798e-09
8.583959405056755e-10
3.5273020243144243e-09
5.1810686127810255e-09
5.97002392878988e-09
6.044496195225341e-09
5.5548136349718315e-09
4.651304470913746e-09
3.484296925935481e-09
2.2041192229214285e-09
9.610995847559774e-10
-9.446717662772829e-11
-8.546316910811215e-10
-1.3366459410561664e-09
-1.5807902524743075e-09
-1.6273449512570453e-09
-1.516590363325859e-09
-1.2888068146022254e-09
-9.842746310076248e-10
-6.432741384635352e-10
-3.0608566289143483e-10
-1.2989530212794757e-11
2.030125968338052e-10
3.4283930203743587e-10
4.1728254714494457e-10
4.3713541295785443e-10
4.1319098027768703e-10
3.5624232990596574e-10
2.7708254264421293e-10
1.8650469929394802e-10
9.530188065670048e-11
1.4267167533989355e-11
-4.695937058519254e-11
-8.735250434747903e-11
-1.0978504065049594e-10
-1.1714897677885518e-10
-1.1233631001716839e-10
-9.823903765004701e-11
-7.774915696210386e-11
-5.3758665237950435e-11
-2.9159559762198554e-11
-6.843837819460043e-12
1.0459787157511627e-11
2.2085328023513374e-11
2.8780134948243332e-11
3.1319116268626214e-11
3.047718032158667e-11
2.702923544404956e-11
2.1750189972939612e-11
1.5414952245181604e-11
8.798430597700255e-12
2.675533367420312e-12
-2.1982774943359466e-12
-5.533121064392029e-12
-7.515105159032586e-12
-8.351865841344624e-12
-8.25103917441536e-12
-7.42026122133193e-12
-6.067168045181456e-12
-4.399395709051068e-12
-2.624580276027893e-12
-9.50357809199066e-13
4.1734480652467977e-13
1.3711004108884239e-12
1.9538715767856064e-12
2.221294219640002e-12
2.2290042548753847e-12
2.0326375979155286e-12
1.6878301641842082e-12
1.2502178691051962e-12
7.754366281022521e-13
3.1912235659918306e-13
-6.316522522349969e-14
-3.3519720481748507e-13
-5.055501632542203e-13
-5.891316991416718e-13
-6.008494110878059e-13
-5.556108977005895e-13
-4.683237575879883e-13
-3.538955893579654e-13
-2.2723399161849452e-13
-1.0324656297753918e-13
3.159220670406282e-15
8.055709589892424e-14
1.3010083221485077e-13
1.5578490862627785e-13
1.616038041412975e-13
1.5155199776800088e-13
1.29623968514481e-13
9.981419538882947e-14
6.611715739913825e-14
3.252733355349941e-14
3.039202860004744e-15
-1.893067170230243e-14
-3.3275193249295494e-14
-4.10632694335424e-14
-4.3365217679443965e-14
-4.1251355411401864e-14
-3.5792000053817414e-14
-2.8057469031091883e-14
-1.9118079767626622e-14
-1.0044149687822911e-14
-1.905996216082062e-15
4.3136245892651595e-15
8.450423673247899e-15
1.0786680784765348e-14
1.1609186613330798e-14
1.1204731848457542e-14
9.860107179658866e-15
7.862103296448066e-15
5.497510888338425e-15
3.053120644843229e-15
8.157232554757063e-16
-9.39488944394731e-16
-2.128290709240218e-15
-2.822916537085178e-15
-3.1002117615814583e-15
-3.0370217163809143e-15
-2.7101917351353926e-15
-2.1965671514967463e-15
-1.5729932991168287e-15
-9.163155116474876e-16
-3.033791227405758e-16
1.9020600363485956e-16
5.307532654426232e-16
7.357455381503623e-16
8.257734668522168e-16
8.21427696642301e-16
7.432988726147278e-16
6.119776398636109e-16
4.48054643483064e-16
2.7212052856720015e-16
1.0476594021013346e-16
-3.3505257457420294e-17
-1.3078024025321664e-16
-1.9089175928251539e-16
-2.193570612699203e-16
-2.216933929400351e-16
-2.0341800101746338e-16
-1.7004813222680858e-16
-1.2710103329267448e-16
-8.009395093966144e-17
-3.4544131892379824e-17
4.033124326949813e-18
3.174683695333167e-17
4.927711970877958e-17
5.810231439759434e-17
5.97007628240767e-17
5.555080679252756e-17
4.713078810724762e-17
3.591904857253771e-17
2.339392999269861e-17
1.1033774172031151e-17
3.1692291483609947e-19
-7.55998660857938e-18
-1.2647841331137729e-17
-1.534274957631186e-17
-1.6040831836701295e-17
-1.5138208604905553e-17
-1.30310003735243e-17
-1.0115327635157101e-17
-6.7873108824035135e-18
-3.443070607863115e-18
-4.787273041354526e-19
1.7546745588555564e-18
3.225099807045297e-18
4.0381461062944995e-18
4.2999536227006414e-18
4.11666252236119e-18
3.594412971373621e-18
2.839345135835407e-18
1.957599181844021e-18
1.055315275496932e-18
2.3863358289161443e-19
-3.9278413570238927e-19
-8.161528967100743e-19
-1.0590391679378748e-18
-1.149883121176114e-18
-1.117124928215114e-18
-9.892047608451982e-19
-7.945627908566891e-19
-5.616391900399091e-19
-3.1887413018518154e-19
-9.470778308282876e-20
8.320979491143075e-20
2.0469797043744906e-19
2.7666355621332103e-19
3.067270733028661e-19
3.0250904276990345e-19
2.716299856782528e-19
2.2171042309172968e-19
1.6037087607416072e-19
9.523186568936255e-20
3.3913913001154544e-20
-1.6035077728515705e-20
-5.079139894970872e-20
-7.19667040676321e-20
-8.16029055472406e-20
-8.174191585348904e-20
-7.442564745133215e-20
-6.169601280572476e-20
-4.559492438162161e-20
-2.81642946439775e-20
-1.1446036057747198e-20
2.5215694872129853e-21
1.2437698566902444e-20
1.863134502451322e-20
2.164963765604508e-20
2.2039705257497347e-20
2.0348676624869982e-20
1.7123680554162655e-20
1.2911845841375036e-20
8.260301282506805e-21
3.71617567355763e-21
-1.7341738962384725e-22
-2.995474680728288e-21
-4.7977326327740355e-21
-5.726793964805014e-21
-5.929261395865147e-21
-5.551737644998366e-21
-4.740825431248593e-21
-3.643127473659752e-21
-2.4052464912757742e-21
-1.1737852031405012e-21
-9.534632829803445e-23
7.059250585737913e-22
1.2279824373268204e-21
1.510075305191542e-21
1.5914857423439824e-21
1.5114958289601687e-21
1.3093876452161257e-21
1.0244432712878805e-21
6.9594478735146e-22
3.6317427358288937e-22
6.541381015819604e-23
-1.614976024265477e-22
-3.121159314110897e-22
-3.968303632377314e-22
-4.261664995666537e-22
-4.106499420580378e-22
-3.6080629237206023e-22
-2.8716115216890926e-22
-2.0024012310876362e-22
-1.1056880685180426e-22
-2.867280505821217e-23
3.538663080371612e-23
7.868634330342044e-23
1.0389694049037682e-22
1.138387488292823e-22
1.1133209478483422e-22
9.919730482172964e-23
8.025470540466579e-23
5.732462299833984e-23
3.3227384067448967e-23
1.0783315076690314e-23
-7.23826265495996e-24
-1.9646183779803232e-23
-2.709186415314921e-23
-3.033100797360667e-23
-3.0119319439783325e-23
-2.7212502750286906e-23
-2.2366262103725128e-23
-1.633630169870571e-23
-9.878325733836384e-24
-3.748038407724886e-24
1.3026763431687285e-24
4.8479935290165985e-24
7.032793957469104e-24
8.059567958259997e-24
8.13080586112303e-24
7.448997995791953e-24
6.216634692000512e-24
4.636206279482461e-24
2.9102030879714343e-24
1.2411154472014252e-24
-1.6867298960778335e-25
-1.1790166060243699e-24
-1.8165343461274313e-24
-2.1354833302442372e-24
-2.1901206787020588e-24
-2.034703511828164e-24
-1.7234889499498238e-24
-1.3107341133943058e-24
-8.506961224888804e-25
-3.9763209756081676e-25
-5.799158937385103e-27
2.814382666364653e-25
4.665596714239727e-25
5.641031511725656e-25
5.886068574575717e-25
5.546089418543185e-25
4.76647555938139e-25
3.692608512843622e-25
2.469869794683178e-25
1.2436409206533472e-25
1.593034065074249e-26
-6.553603943957532e-26
-1.1906123163408012e-25
-1.4852576286560777e-25
-1.578251191082054e-25
-1.5085478633592044e-25
-1.3151025052279982e-25
-1.0368699764289082e-25
-7.128051367024058e-26
-3.8186284578896244e-26
-8.299796342905098e-27
1.4739993896457915e-26
3.015722725915536e-26
3.8968203390048886e-26
4.221671460999807e-26
4.09465532398625e-26
3.620151160050171e-26
2.9025382012775235e-26
2.0461956797542684e-26
1.1555028275663573e-26
3.3483887679974596e-27
-3.146165261443505e-27
-7.571807821488038e-27
-1.0184645535631608e-26
-1.1264361713265212e-26
-1.1090639663779866e-26
-9.943162696566581e-27
-8.101614121016231e-27
-5.845677246520083e-27
-3.455035382469051e-27
-1.2093718382541516e-27
6.146943617542083e-28
1.881225322790365e-27
2.6505850241857825e-27
2.9977143826449482e-27
2.997554314872354e-27
2.7250457375724933e-27
2.2551295674498538e-27
1.6627467212089265e-27
1.0228381155542014e-27
4.103446671901703e-28
-9.996211896474652e-29
-4.614144337366977e-28
-6.8658700614624255e-28
-7.955601936203386e-28
-8.08414353585926e-28
-7.4522984346996725e-28
-6.260870206994159e-28
-4.710662427012253e-28
-3.0024786690234765e-28
-1.3371225072973634e-28
8.461570738181814e-30
1.1135566805829233e-28
1.7691296460868905e-28
2.1051397339269283e-28
2.1753920741362424e-28
2.033691796748037e-28
1.7338440317955184e-28
1.3296539093118945e-28
8.749265593303686e-29
4.2346711188412e-29
2.9080697006416413e-30
-2.63145195144276e-29
-4.531352590445068e-29
-5.552995202139741e-29
-5.840549245159747e-29
-5.53818417813803e-29
-4.7900694597075636e-29
-3.740374548501299e-29
-2.533268903152199e-29
-1.3129219822932227e-29
-2.2350324455732952e-30
6.043353685062901e-30
1.1527345996818537e-29
1.4599139371677326e-29
1.5644999151636994e-29
1.5051190678695293e-29
1.3203979294849814e-29
1.0489630342098546e-29
7.29440916243916e-30
4.0045810978693896e-30
1.0064114903869758e-30
-1.3323726271538004e-30
-2.910560626997268e-30
-3.826684851346879e-30
-4.184112081864005e-30
-4.086209100210007e-30
-3.636342688046256e-30
-2.937879627034115e-30
-2.0941866988349516e-30
-1.2086306851101319e-30
-3.845783675210223e-31
2.766890320496502e-31
7.3294290148749954e-31
1.007913012900114e-30
1.1288011509352589e-30
1.1228091002406615e-30
1.0171386454640516e-30
8.389915712531558e-31
6.155696622557033e-31
3.7407470311942192e-31
1.4170847849203936e-31
-5.448171288824403e-32
-1.9892389266001544e-31
-2.9523274502123133e-31
-3.4884862690143585e-31
-3.652118952301757e-31
-3.4976290693699598e-31
-3.0794201895144257e-31
-2.451895882030611e-31
-1.6694597162139147e-31
-7.865152613598993e-32
1.425339132360263e-32
1.063284238278405e-31
1.921332144471783e-31
2.6622740625207016e-31
3.2317064231297067e-31
3.575225657003342e-31
3.6384281948461504e-31
3.366910467362676e-31
2.706268905257464e-31
1.602099939235057e-31
0.0
