267
267
261
236
228
213
230
242
246
245
246
239
264
272
279
286
293
288
267
271
271
230
233
259
259
292
295
295
292
289
228
219
198
225
255
287
298
298
301
306
317
320
317
311
314
314
307
310
308
314
320
312
317
313
313
314
287
287
288
295
295
295
279
277
277
279
283
275
281
281
270
270
275
308
315
315
305
307
314
314
273
251
265
270
284
285
262
268
297
305
312
313
314
310
313
311
308
294
282
271
290
265
306
306
312
314
318
310
307
299
287
287
284
270
277
274
274
276
280
279
279
280
289
293
313
313
325
336
338
338
330
334
334
340
340
332
320
326
330
332
326
326
323
317
317
278
288
270
269
280
292
300
308
281
296
296
313
306
306
307
310
315
318
334
335
338
338
337
333
332
329
329
315
309
309
309
297
300
311
312
318
324
327
330
341
341
334
331
334
334
332
331
335
337
332
328
331
333
332
324
323
329
329
335
346
346
339
335
333
331
322
311
316
316
330
332
330
330
331
332
333
346
345
356
19
19
22
18
12
12
12
5
357
337
329
316
315
316
315
315
315
319
327
327
329
328
328
329
331
324
324
328
330
330
329
329
336
334
332
332
355
5
5
7
13
14
14
339
334
350
356
9
14
18
19
13
4
7
16
18
18
26
22
22
348
351
5
3
0
341
338
333
339
339
353
353
353
348
348
348
341
334
326
308
305
300
300
295
305
309
322
330
335
335
333
336
336
337
339
341
341
329
327
327
321
318
318
309
308
304
294
279
260
255
254
234
234
251
312
320
320
335
344
344
11
19
25
18
353
345
345
338
313
310
310
312
318
319
333
316
314
304
305
302
310
310
307
303
303
307
311
306
302
299
299
294
298
314
314
315
321
328
328
354
355
350
351
2
9
6
1
347
323
312
306
291
291
306
309
309
296
284
274
271
235
215
217
227
248
248
259
302
291
261
261
250
232
229
241
249
264
288
311
313
313
287
287
252
259
259
284
306
306
301
294
311
316
327
334
335
343
341
358
350
350
348
354
359
358
353
346
353
347
341
2
4
347
327
312
288
288
295
298
298
291
272
269
269
272
277
301
314
307
303
310
333
349
358
12
36
42
102
39
39
21
31
28
28
46
45
33
19
10
10
22
17
36
92
61
0
0
325
321
303
287
283
271
271
268
239
226
266
299
266
280
280
329
317
317
316
314
314
252
251
251
271
278
292
327
316
0
215
211
228
228
245
261
278
314
311
311
291
305
316
324
322
322
341
341
345
352
9
9
15
14
14
16
16
20
18
12
17
17
15
2
2
349
344
341
341
334
332
330
330
340
352
4
9
13
35
40
45
19
21
25
23
23
30
38
40
41
42
36
37
36
27
19
25
26
25
