-1.27
-1.24
-1.21
-1.26
-1.29
-1.29
-1.31
-1.34
-1.36
-1.36
-1.35
-1.34
-1.31
-1.28
-1.25
-1.26
-1.31
-1.31
-1.32
-1.34
-1.34
-1.33
-1.32
-1.32
-1.32
-1.34
-1.38
-1.49
-1.54
-1.54
-1.57
-1.54
-1.51
-1.48
-1.47
-1.49
-1.53
-1.55
-1.58
-1.57
-1.57
-1.52
-1.49
-1.46
-1.45
-1.44
-1.45
-1.47
-1.49
-1.51
-1.51
-1.50
-1.46
-1.42
-1.39
-1.36
-1.37
-1.37
-1.41
-1.50
-1.54
-1.57
-1.59
-1.59
-1.58
-1.56
-1.55
-1.54
-1.54
-1.54
-1.55
-1.56
-1.56
-1.55
-1.55
-1.51
-1.45
-1.38
-1.33
-1.29
-1.25
-1.20
-1.18
-1.19
-1.19
-1.17
-1.15
-1.15
-1.15
-1.13
-1.13
-1.13
-1.15
-1.20
-1.20
-1.27
-1.28
-1.28
-1.21
-1.16
-1.14
-1.14
-1.16
-1.21
-1.27
-1.34
-1.43
-1.43
-1.45
-1.46
-1.48
-1.49
-1.50
-1.51
-1.50
-1.49
-1.49
-1.48
-1.50
-1.51
-1.53
-1.52
-1.49
-1.44
-1.36
-1.27
-1.20
-1.15
-1.12
-1.11
-1.12
-1.16
-1.20
-1.20
-1.21
-1.23
-1.25
-1.25
-1.28
-1.29
-1.29
-1.28
-1.27
-1.25
-1.24
-1.23
-1.22
-1.22
-1.22
-1.21
-1.20
-1.20
-1.18
-1.18
-1.16
-1.12
-1.12
-1.14
-1.20
-1.26
-1.31
-1.35
-1.40
-1.42
-1.39
-1.36
-1.34
-1.33
-1.32
-1.33
-1.35
-1.35
-1.36
-1.36
-1.36
-1.37
-1.38
-1.39
-1.40
-1.42
-1.43
-1.42
-1.42
-1.40
-1.40
-1.39
-1.38
-1.36
-1.34
-1.24
-1.19
-1.19
-1.04
-0.98
-0.98
-0.92
-0.88
-0.85
-0.86
-0.87
-0.92
-0.98
-1.05
-1.23
-1.23
-1.30
-1.35
-1.36
-1.36
-1.37
-1.37
-1.37
-1.37
-1.37
-1.36
-1.35
-1.34
-1.33
-1.30
-1.25
-1.16
-1.16
-1.11
-1.04
-1.04
-1.03
-1.00
-1.00
-1.01
-1.04
-1.04
-1.08
-1.07
-1.03
-0.98
-0.93
-0.88
-0.83
-0.82
-0.83
-0.84
-0.83
-0.82
-0.82
-0.84
-0.88
-0.98
-0.98
-1.05
-1.12
-1.12
-1.13
-1.12
-1.12
-1.11
-1.10
-1.09
-1.09
-1.09
-1.09
-1.09
-1.11
-1.14
-1.18
-1.23
-1.27
-1.31
-1.34
-1.36
-1.36
-1.35
-1.33
-1.33
-1.22
-1.19
-1.16
-1.15
-1.16
-1.25
-1.25
-1.28
-1.33
-1.34
-1.34
-1.33
-1.26
-1.26
-1.22
-1.21
-1.20
-1.20
-1.26
-1.32
-1.35
-1.37
-1.39
-1.42
-1.44
-1.46
-1.47
-1.47
-1.47
-1.46
-1.43
-1.42
-1.42
-1.38
-1.34
-1.30
-1.20
-1.20
-1.14
-1.09
-1.04
-0.99
-0.96
-0.95
-0.95
-0.94
-0.96
-0.97
-0.99
-1.01
-1.04
-1.06
-1.08
-1.10
-1.11
-1.12
-1.13
-1.15
-1.19
-1.29
-1.29
-1.34
-1.42
-1.42
-1.43
-1.43
-1.43
-1.43
-1.41
-1.39
-1.34
-1.30
-1.26
-1.24
-1.23
-1.23
-1.25
-1.27
-1.29
-1.31
-1.32
-1.34
-1.39
-1.40
-1.40
-1.35
-1.31
-1.31
-1.22
-1.18
-1.19
-1.22
-1.24
-1.27
-1.31
-1.33
-1.35
-1.36
-1.37
-1.40
-1.40
-1.42
-1.44
-1.44
-1.45
-1.47
-1.48
-1.50
-1.52
-1.55
-1.57
-1.57
-1.57
-1.57
-1.56
-1.55
-1.52
-1.49
-1.46
-1.40
-1.37
-1.37
-1.34
-1.33
-1.33
-1.31
-1.30
-1.29
-1.27
-1.27
-1.27
-1.29
-1.32
-1.37
-1.37
-1.40
-1.42
-1.42
-1.42
-1.43
-1.43
-1.45
-1.48
-1.48
-1.49
-1.50
-1.49
-1.49
-1.49
-1.50
-1.50
-1.51
-1.51
-1.51
-1.51
-1.51
-1.50
-1.50
-1.50
-1.50
-1.50
-1.51
-1.52
-1.52
-1.53
-1.55
-1.55
-1.56
-1.59
-1.60
-1.60
-1.61
-1.60
-1.60
-1.59
-1.58
-1.59
-1.59
-1.59
-1.57
-1.57
-1.56
-1.52
-1.51
-1.51
-1.49
-1.48
-1.48
-1.49
-1.50
-1.52
-1.53
-1.52
-1.52
-1.50
-1.48
-1.45
-1.45
-1.44
-1.44
-1.44
-1.43
-1.39
-1.37
-1.37
-1.31
-1.26
-1.26
-1.19
-1.17
-1.14
-1.13
-1.13
-1.12
-1.12
-1.12
-1.12
-1.13
-1.14
-1.19
-1.19
-1.17
-1.11
-1.11
-1.09
-1.06
-1.05
-1.05
-1.18
-1.22
-1.22
-1.32
-1.36
-1.38
-1.39
-1.39
-1.40
-1.42
-1.43
-1.43
-1.44
-1.45
-1.46
-1.46
-1.46
-1.45
-1.45
-1.44
-1.43
-1.43
-1.43
-1.44
-1.44
-1.45
-1.46
-1.46
-1.46
-1.46
-1.46
-1.45
-1.45
-1.43
-1.43
-1.42
-1.41
-1.40
-1.39
-1.39
-1.39
-1.39
-1.38
-1.38
-1.36
-1.35
-1.35
-1.35
-1.35
-1.35
-1.36
-1.36
-1.35
-1.34
-1.34
-1.33
-1.32
-1.32
-1.30
-1.26
-1.26
-1.22
-1.14
-1.14
-1.09
-1.01
-1.00
-1.00
-0.98
-0.99
-0.99
-1.07
-1.09
-1.16
-1.25
-1.33
-1.33
-1.43
-1.47
-1.48
-1.47
-1.45
-1.43
-1.39
-1.34
-1.22
-1.16
-1.16
-1.11
-1.11
-1.14
-1.18
-1.21
-1.22
-1.24
-1.24
-1.24
-1.24
-1.24
