0.5
0.47503530578180975
0.4578296122249359
0.44753517666453085
0.4433042564357471
0.44428910887373724
0.44964199131365346
0.45851516109064855
0.4700608755398747
0.4834313919964847
0.4977789677956306
0.5122558602724653
0.5260143267621411
0.5382066245998103
0.5479850111206256
0.5545017436597395
0.5569090795523041
0.5543592761334721
0.5460045907383964
0.5309972807022287
0.5084896033601222
0.4777900294085828
0.43984873290075266
0.3965977716292056
0.34998242194578555
0.3019479602023364
0.25443966275070173
0.20940280594272553
0.16878266613025153
0.1345245196651234
0.10857364289918509
0.09279168071184332
0.0874515173635909
0.09140361808585282
0.10344821256708608
0.12238553049574771
0.14701580156029467
0.17613925544918393
0.20855612185087233
0.24306663045381727
0.27847101094647525
0.31357554968819445
0.34743677454869853
0.37944510984355856
0.40901420500851116
0.43555770947929423
0.45848927269164513
0.47722254408130155
0.49117117308400077
0.4997488091354804
0.5023691016714779
0.4984497931366104
0.48797251998785557
0.4720530938293684
0.4519432502573482
0.42889472486799396
0.4041592532575053
0.378988571022081
0.3546344137579205
0.3323485170612228
0.3133826165281875
0.2989882213268856
0.2899428921368087
0.2855514268257519
0.28483338903177174
0.28680834239292474
0.2904958505472674
0.29491547713285604
0.2990867857877472
0.3020293401499974
0.30276270385766296
0.30030644054880046
0.2938633299420556
0.2835347986878155
0.2696973491869487
0.25272755431863686
0.23300198696206065
0.210897219996401
0.1867898263008395
0.16105637875455703
0.1340734502367346
0.10621761362655269
0.0779300270746063
0.05016162555513403
0.024105173869151546
0.0009548945911731516
-0.018094989704285747
-0.03185025644271093
-0.03911668304958777
-0.03870004695040155
-0.029406125570637626
-0.010040696335781432
0.02044738029870597
0.06118240106965014
0.10990777715683758
0.16433684159852138
0.22218292743295445
0.28115936769838945
0.33897949543307976
0.39335664367527645
0.4420041454632331
0.48263533383520196
0.5130335902022956
0.532803371784144
0.5434951097212393
0.5467542976119728
0.5442264290547362
0.537556997647921
0.5283914969899188
0.5183754206791216
0.5091542623139205
0.5023735154927075
0.49966156349666835
0.5015314234329588
0.5067142371398012
0.5137814934008685
0.5213046809998343
0.5278552887203715
0.5320048053461531
0.5323247196608526
0.5273865204481428
0.5157616964916971
0.4960243363423754
0.4675921764011923
0.43193447095286164
0.39082633429190505
0.3460428807128441
0.29935922451020214
0.25255047997850033
0.20739176141226065
0.1656581831060049
0.12912485935425463
0.09956690213046934
0.07825808295741335
0.06456619717684083
0.05740617277177848
0.05569293772525331
0.058341420020291926
0.06426654763992108
0.07238324856716773
0.08160645078505835
0.09085108227661981
0.09903207102487892
0.10521040185290784
0.10932834438784966
0.11165707168745993
0.11246832055271586
0.1120338277845945
0.11062533018407307
0.10851456455212867
0.10597326768973853
0.10327317639787968
0.10068602747752933
0.0984671073582695
0.0967087377029857
0.09541013419876625
0.09456942165867575
0.09418472489577884
0.09425416872314019
0.09477587795382449
0.09574797740089634
0.09716859187742041
0.09903584619646144
0.10134021389997684
0.10393698478958009
0.10656566488123932
0.10896201812171874
0.11086180845778258
0.11200079983619514
0.11211475620372056
0.11093944150712307
0.10821061969316699
0.10366405470861652
0.09705035291238115
0.08867466148305359
0.07954976622526289
0.07073448653888749
0.06328764182380578
0.05826805147989602
0.056734534907036956
0.059745911505106775
0.06836100067398386
0.08363862181354662
0.10663009969917313
0.13751688524320618
0.17481053597351923
0.21683344731622956
0.26190801469745056
0.3083566335432994
0.3545016992798923
0.39866560733334516
0.43917075312977394
0.47433953209529484
0.5024948203471502
0.5225687277225398
0.5352946650387428
0.5417373572466279
0.5429615292970658
0.5400319061409261
0.5340132127290789
0.5259701740123939
0.5169675149417411
0.50806996046799
0.5003422355420106
0.4946563033971748
0.49098581327507823
0.4890429365545795
0.48853981497847737
0.48918859028956985
0.49070140423065567
0.4927903985445332
0.49516771497400075
0.4975454952618568
0.4996358811508997
0.5011825727878323
0.5021650621122209
0.5026695319530499
0.5027826903882557
0.5025912454957749
0.5021819053535441
0.5016413780394997
0.5010563716315783
0.5005135942077166
0.5000997538458508
0.4998950715358398
0.49989781841791253
0.5000501152932374
0.5002929881072699
0.5005674628054653
0.5008145653332795
0.5009753216361678
0.5009907576595858
0.5008018993489889
0.5003497726498328
0.49957952342552037
0.498534935696334
0.49736063662073726
0.4962058143389713
0.49521965699127785
0.4945513527178982
0.4943500896590736
0.49476505595504555
0.4959454397460552
0.49804042917234426
0.501194752543651
0.5052961186953024
0.5098398182065786
0.5142880725710587
0.5181031032823217
0.5207471318339465
0.521682379719512
0.5203710684325971
0.516275419466781
0.5088576543156423
0.49758149906040944
0.4822923951383767
0.4637205346540752
0.44272112500675065
0.420149373595649
0.3968604878200162
0.3737096750790978
0.35155214277213914
0.3312430982983875
0.31363774905708786
0.29959129306761445
0.28969283428377146
0.2835698944121135
0.28063285933447196
0.28029211493267847
0.2819580470885644
0.2850410416839614
0.2889514846007008
0.2930997617206143
0.2968962589255333
0.2997513620972893
0.3011834164796227
0.3013290021979992
0.30054438648293363
0.29918609992165746
0.2976106731014017
0.29617463660939763
0.2952345210328764
0.2951468569590692
0.2962681749752073
0.29895500566852173
0.30348690410188667
0.3094239079347804
0.3159334745212099
0.32217909563041874
0.32732426303165074
0.3305324684941499
0.3309672037871596
0.32779196067992367
0.320170230941686
0.3072655063416897
0.2883084484379078
0.2636356704534722
0.23448989416695382
0.20214054418485092
0.16785704511366198
0.13290882155988554
0.09856529813002005
0.06609589943056404
0.03677005006801593
0.011857174648874284
-0.007399555251130501
-0.020647813619490026
-0.02862259684908587
-0.032124939676566
-0.03195587683857735
-0.028916443071766808
-0.02380767311278132
-0.01743060169826777
-0.010586263564873084
-0.004075693449244202
0.0013034499386017082
0.005087723810061911
0.007426233098867342
0.008533614415811821
0.008624504371689178
0.007913539577293224
0.006615356643417781
0.00494459218085667
0.0031158828004035828
0.001343865112852604
-0.00015690002272080903
-0.0012350423729829958
-0.0019170202986950292
-0.0022603455063852657
-0.0023225297025820635
-0.0021610845938137813
-0.0018335218866087737
-0.001397353287495399
-0.0009100905030020141
-0.00042924523965697707
-1.2329203988644319e-05
0.0002941050100362735
0.0004920370490352564
0.000596876654914229
0.0006240340429927986
0.000588919428590572
0.0005069430270271629
0.00039351505362217933
0.0002640457236952304
0.00013394525256592537
1.8623855553872872e-05
-6.826183768063318e-05
-0.00012546556762979224
-0.00015709538423942454
-0.00016728044225960924
-0.00016014989644042512
-0.00013983290153195117
-0.00011045861228426647
-7.615618344744996e-05
-4.105476977158045e-05
-9.283526006737027e-06
1.528042153431112e-05
3.1750672098499324e-05
4.119963979323822e-05
4.47337282992346e-05
4.345934129719526e-05
3.8482882467827e-05
3.0910755491836544e-05
2.1849364049930704e-05
1.240511182281626e-05
3.684402491200009e-06
-3.237098004878779e-06
-7.963334033104008e-06
-1.0763000278922446e-05
-1.1932556715082302e-05
-1.1768463314331768e-05
-1.0567180049419066e-05
-8.62516689309224e-06
-6.238883818099786e-06
-3.7047907971898007e-06
-1.319347803110482e-06
6.238101917965861e-07
1.9759300738586205e-06
2.7997097505528208e-06
3.1745854321652216e-06
3.1799933289818564e-06
2.8953696512887603e-06
2.400150609371969e-06
1.7737724135175152e-06
1.095671274011435e-06
4.4528340113976264e-07
-9.809623452273436e-08
-4.838618970165568e-07
-7.248123838215915e-07
-8.422325633337745e-07
-8.57407303949023e-07
-7.916214740632798e-07
-6.661599420724774e-07
-5.023075763725468e-07
-3.213492453594199e-07
-1.4456981742902854e-07
6.7464303518613826e-09
1.1653249624003548e-07
1.866454634340305e-07
2.2278859523153911e-07
2.306651549302538e-07
2.1597840582786744e-07
1.8443161122207254e-07
1.4172803441056174e-07
9.357093869102781e-08
4.566358736116024e-08
3.709243718658457e-09
-2.7462495264355456e-08
-4.7772014125596157e-08
-5.87462300905243e-08
-6.191332795397877e-08
-5.880149251079827e-08
-5.09389085558216e-08
-3.9853760883887566e-08
-2.7074234289834994e-08
-1.4128513568502639e-08
-2.5447835147293134e-09
6.282716682142269e-09
1.2142198643046103e-08
1.543783130915653e-08
1.657909056213615e-08
1.5975452283647532e-08
1.4036392355353084e-08
1.1171386658915672e-08
7.789911075997792e-09
4.301441488262019e-09
1.1154537773709373e-09
-1.376640719953935e-09
-3.061122854464793e-09
-4.0418868852206005e-09
-4.428651544032866e-09
-4.331135562713104e-09
-3.8590576730728245e-09
-3.1221366069235347e-09
-2.230091096076746e-09
-1.2926398723439712e-09
-4.19501667536717e-10
2.815890319655228e-10
7.642925016793473e-10
1.053950673619059e-09
1.1799625933681592e-09
1.1717273065101075e-09
1.0586438586283656e-09
8.701112953063941e-10
6.355286621276538e-10
3.842950046756053e-10
1.4580936853371025e-10
-5.0677819792282283e-11
-1.8860075544170093e-10
-2.735957144549979e-10
-3.135401473545075e-10
-3.163115046625639e-10
-2.8978723690150147e-10
-2.41844794593654e-10
-1.8036162826135583e-10
-1.1321518842693659e-10
-4.8282925612739973e-11
6.561859679109634e-12
4.5867103832461735e-11
7.066835958317079e-11
8.307638343711248e-11
8.520193190016228e-11
7.915576147819571e-11
6.704862867708834e-11
5.099129000271568e-11
3.3094501960953314e-11
1.5469021057676732e-11
2.2560379876151952e-13
-1.0948750112834254e-11
-1.8150499987784085e-11
-2.1945219155391677e-11
-2.289848311682504e-11
-2.1575867373252172e-11
-1.8542947425841268e-11
-1.4365298775760362e-11
-9.608496924177544e-12
-4.838117372260848e-12
-6.197356211783399e-13
2.549538581885906e-12
4.6318209988538925e-12
5.778075179215586e-12
6.1398466217676524e-12
5.868680825306767e-12
5.116123288629597e-12
4.033719510532814e-12
2.7730149898130864e-12
1.4855552252670829e-12
3.2288571569147646e-13
-5.734277423101128e-13
-1.1732020286457534e-12
-1.5159740939381753e-12
-1.6423504322060063e-12
-1.5929375374678761e-12
-1.408341903742411e-12
-1.1291700250482391e-12
-7.960283954039881e-13
-4.495235088282859e-13
-1.302618593397602e-13
1.223947889990366e-13
2.9456488888542307e-13
3.962117173691246e-13
4.3821575172798024e-13
4.314574692398305e-13
3.868173471825146e-13
3.151758628338677e-13
2.274134934717393e-13
1.3441071637396543e-13
4.7048008818386074e-14
-2.3913361331592838e-14
-7.318502281629302e-14
-1.0311530634928506e-13
-1.1661962702330046e-13
-1.1661339993107096e-13
-1.0601204016532838e-13
-8.773096281880428e-14
-6.468558298423039e-14
-3.9791315754338304e-14
-1.5963576221859792e-14
3.888811121439071e-15
1.7950335588030018e-14
2.6710189949841792e-14
3.0949557299961514e-14
3.1449620731475635e-14
2.899156333747145e-14
2.435656821103597e-14
1.8325818445256143e-14
1.1680497133218883e-14
5.201787368011167e-15
-3.2917920040379695e-16
-4.332052630187684e-15
-6.882418174225132e-15
-8.189593112132242e-15
-8.462894723525101e-15
-7.911640288019799e-15
-6.745147085232422e-15
-5.172732394779065e-15
-3.4037134962758086e-15
-1.6474076693386404e-15
-1.1313219358388742e-16
1.0237097532828479e-15
1.76282521132821e-15
2.1602732838220967e-15
2.272139996141922e-15
2.1545113736651027e-15
1.8634734417690546e-15
1.4551122258311924e-15
9.855137512289325e-16
5.107640433396905e-16
8.694912754088194e-17
-2.3510366991670733e-16
-4.484465893416421e-16
-5.67948100140213e-16
-6.086350242059917e-16
-5.855341834325501e-16
-5.136723997134541e-16
-4.080764949422853e-16
-2.8377329101261284e-16
-1.5578960981800795e-16
-3.915227325204243e-17
5.1833089814792624e-17
1.1322909771331842e-16
1.4886893917693257e-16
1.627738764025066e-16
1.589651715869116e-16
1.4146408692701903e-16
1.1429188461969995e-16
8.146982686182577e-17
4.7019175850267753e-17
1.4961193781897204e-17
-1.0763991361511215e-17
-2.8513566300946547e-17
-3.921068675416368e-17
-4.391357961507758e-17
-4.3680471777601714e-17
-3.956959013564965e-17
-3.263916158313484e-17
-2.3947413013970795e-17
-1.4552571322071044e-17
-5.5128634013490544e-18
2.1194937961406613e-18
7.738705962896157e-18
1.1485394608896291e-17
1.3571205112923668e-17
1.4207782853761045e-17
1.3606773210191091e-17
1.1979821560996537e-17
9.538573284960045e-18
6.494673760864132e-18
3.0597683674919065e-18
-5.54497516374144e-19
-4.1364785119512874e-18
-7.474529240456847e-18
-1.035700432310811e-17
-1.2572258381122378e-17
-1.390864603571696e-17
-1.4154521908109147e-17
-1.3098240619516245e-17
-1.0528156791155551e-17
-6.23262504424437e-18
0.0
