0.0
1.4464702979390671
2.724529927115113
3.843993257783142
4.81467466019816
5.64638850461517
6.348949161289177
6.932171000475187
7.405868392428202
7.779855707403231
8.063947315655273
8.26795758743934
8.401700893010432
8.474991602623552
8.49764408653371
8.479472714995907
8.430291858265146
8.359915886596436
8.278159170244782
8.194836079465183
8.11976098451265
8.06205225670835
8.023513759984443
8.0015746362271
7.993605132852272
7.996975497275911
8.009055976913972
8.027216819182408
8.048828271497165
8.071260581274197
8.091883995929457
8.10815742934338
8.119224206574206
8.125735707753767
8.128396572963247
8.127911442283843
8.124984955796732
8.12032175358311
8.11462647572416
8.108603762301069
8.10295825339503
8.098385767526722
8.0952176456574
8.093298907508101
8.092440745338115
8.092454351406744
8.093150917973283
8.094341637297033
8.095837701637288
8.097450303253346
8.098990634404506
8.100270420437528
8.101174830182183
8.10173675131491
8.102006774717333
8.10203549127107
8.101873491857752
8.101571367358995
8.10117970865642
8.100749106631653
8.100330152166316
8.099973429635087
8.099715903397417
8.099552214538383
8.09946880727219
8.09945212581306
8.099488614375204
8.099564717172838
8.099666878420171
8.09978154233142
8.099895153120803
8.09999415500253
8.100067312828411
8.10011477382372
8.100140169357282
8.100147131690626
8.10013929308527
8.100120285802738
8.10009374210455
8.100063294252223
8.100032574507285
8.10000521513125
8.099984484600421
8.09997078000461
8.099963136294624
8.099960580210164
8.099962138490929
8.099966837876625
8.09997370510695
8.099981766921609
8.099990050060297
8.099997581262723
8.100003437994173
8.100007380821493
8.100009659861099
8.100010535892663
8.100010269695856
8.100009122050354
8.100007353735831
8.100005225531959
8.100002998218411
8.100000932574861
8.099999283490922
8.099998152729967
8.099997478426975
8.099997190723558
8.099997219761319
8.099997495681864
8.099997948626797
8.099998508737725
8.099999106156252
8.099999671023983
8.100000133975193
8.1000004577598
8.100000656434688
8.10000074865376
8.100000753070933
8.100000688340101
8.100000573115178
8.100000426050068
8.100000265798675
8.100000111014909
8.099999980333674
8.099999886224756
8.099999826166057
8.099999795400345
8.099999789170392
8.099999802718967
8.09999983128884
8.099999870122785
8.09999991446357
8.099999959553962
8.100000000636738
8.100000033854265
8.10000005876894
8.100000075755778
8.100000085189794
8.100000087446004
8.100000082899411
8.100000071925038
8.100000054897894
8.100000032192993
8.100000004185347
8.09999997156023
8.099999936874955
8.099999903385502
8.099999874349043
8.099999853022764
8.099999842663832
8.099999846529428
8.099999867876733
8.099999909962918
8.099999976045162
8.100000068378936
8.100000179296396
8.100000295460251
8.100000403466778
8.100000489912254
8.100000541392962
8.100000544505182
8.100000485845195
8.100000352009278
8.100000129593711
8.09999980705426
8.09999940570032
8.099998974980165
8.099998565251497
8.099998226872021
8.099998010199444
8.099997965591466
8.09999814340579
8.099998594000125
8.09999936773217
8.100000512285364
8.100001975427375
8.10000357742532
8.100005130252105
8.100006445880634
8.100007336283813
8.100007613434546
8.100007089305729
8.100005575870277
8.100002885101086
8.099998831408021
8.099993512049817
8.099987567269054
8.099981698816409
8.099976608442569
8.099972997898204
8.099971568934006
8.099973023300647
8.09997806274881
8.099987389029176
8.100001703310346
8.100020969031041
8.100042968408697
8.100065082467685
8.10008469223238
8.100099178727161
8.100105922976402
8.100102306004478
8.100085708835763
8.100053512494636
8.100003098005471
8.099933612583825
8.099852434302854
8.09976933704283
8.099694094955577
8.099636482192903
8.099606272906637
8.09961324124859
8.09966716137058
8.099777807424424
8.099954953561943
8.100204477075229
8.100503139476553
8.100814527992474
8.10110216499135
8.101329572841532
8.101460273911377
8.101457790569237
8.10128564518347
8.100907360122429
8.10028645775447
8.099394146786988
8.098298735630888
8.097135063402115
8.096039266475433
8.095147481225602
8.094595844027392
8.094520491255562
8.095057559284877
8.0963431844901
8.098513503246002
8.101691901924285
8.105696509166425
8.110033372078252
8.114194422792357
8.11767159344133
8.11995681615776
8.120542023074238
8.118919146323353
8.114580118037694
8.107016870349852
8.09573694362865
8.08114737894611
8.065028578276456
8.049276676714564
8.035787809355314
8.026458111293582
8.023183717624244
8.027860763442177
8.042385383842266
8.068653713919378
8.108552197303085
8.16150854340776
8.221251537821749
8.28070470803295
8.33279158152927
8.370435685798604
8.386560548328855
8.374089696607927
8.325946658123716
8.23505496036412
8.094338348211737
7.902887754883145
7.682080438563262
7.458326154205607
7.258034656763699
7.107615701191055
7.0334790424412015
7.062034435467657
7.219691635223938
7.532860396663566
8.02795047474006
8.723588586927745
9.59383148316561
10.596898167206836
11.690988656816135
12.834302969758296
13.985041123798089
15.101403136700283
16.141589026229646
17.063798810150946
17.826232506228948
18.391546245908724
18.764049028495002
18.970776330110134
19.038993194608032
18.995964665842624
18.86895578766782
18.685231603937538
18.47205715850569
18.256697495226202
18.066417657952975
17.927278231094224
17.84550835467175
17.81108922407176
17.813523211180556
17.842312687884462
17.886960026069787
17.936967597622846
17.98183777442996
18.01107292837743
18.014175431351582
17.980967479308834
17.9121238762866
17.821565587509646
17.724018081578773
17.634206827094822
17.566857292658618
17.536694946870984
17.55844525833274
17.64683369564472
17.816585727407748
18.082216983086067
18.43746968361576
18.838012746826376
19.235441926428297
19.58135297613192
19.827341649647607
19.925003700685746
19.825934882956723
19.48173095017087
18.843987656038635
17.864335294678582
16.523217104112934
14.88216058519491
13.016852590724437
11.002979973501425
8.916229586325825
6.832288281997547
4.826842913316523
2.975580333082679
1.3541873940959406
0.038350949156235214
-0.9148205547774221
-1.5304928199410273
-1.8565988811759562
-1.9410725758768468
-1.8318477414383336
-1.5768582152550699
-1.2240378347216976
-0.8213204372328562
-0.4166398601831892
-0.057929940967335905
0.21233005247993653
0.39026360063249266
0.48864888952094976
0.5203297521662252
0.4981500215892352
0.43495353081089655
0.3435841128521259
0.23688560073384013
0.12770182747695555
0.028876626102388767
-0.04753011075430495
-0.09876121269325364
-0.12815244903585116
-0.13914531447112266
-0.13518130368809322
-0.11970191137578781
-0.09614863222323147
-0.06796296091944926
-0.03858639215346615
-0.011460420614307291
0.010069069475062377
0.02477013775513613
0.03347856538121846
0.037116498088493016
0.03660608161214337
0.03286946168735321
0.026828784049305665
0.019406194433185246
0.01152383857417525
0.0041038622074592804
-0.001940376162502548
-0.006146176486657668
-0.008708562129094096
-0.009874621341521282
-0.009891442375648669
-0.009006113483185694
-0.007465722915841809
-0.005517358925326456
-0.003408109763349075
-0.0013850636816191148
0.00030513039793321104
0.0015050621605422552
0.002254542734535129
0.002619779391565992
0.0026669794032889486
0.00246235004135818
0.0020720985774278357
0.0015624322831520596
0.000999558430185001
0.00044968429018080663
-2.0984704569114038e-05
-0.00036247175107578713
-0.0005805539240097015
-0.0006929720582780032
-0.0007174669887878381
-0.0006717795504463537
-0.0005736505781606956
-0.0004408209068380103
-0.00029103137138544445
-0.00014202280671013479
-1.1536047719248535e-05
8.540603065513414e-05
0.00014855765916554515
0.00018267096240124806
0.00019250200833668103
0.00018280686494628193
0.00015834160020448864
0.00012386228208573915
8.412497856447154e-05
4.3885757615123636e-05
7.900687212133418e-06
-1.9491660446927494e-05
-3.763830044310251e-05
-4.780612853569873e-05
-5.127858171532187e-05
-4.933909697257744e-05
-4.327111129807053e-05
-3.435806168240765e-05
-2.3883385116194094e-05
-1.3130518590035485e-05
-3.382899094537397e-06
4.133832284223141e-06
9.08248591067205e-06
1.1822106890363326e-05
1.2730375211281333e-05
1.2184970861410485e-05
1.0563573828735153e-05
8.243864101239725e-06
5.603521666908581e-06
3.0202265137261226e-06
8.716586296767092e-07
-4.731306210817593e-07
-9.120690982167742e-07
-6.547971336534711e-07
7.140231127614792e-08
1.0392462752401459e-06
2.021451796906577e-06
2.790735914943502e-06
3.1198156680189742e-06
2.7814080948010536e-06
1.5482302339578017e-06
-8.03975847185012e-07
-4.241282224011594e-06
-8.27785444670806e-06
-1.2382240657931015e-05
-1.602298900033707e-05
-1.8668647616582843e-05
-1.9787764649324943e-05
-1.884888824121996e-05
-1.532056653492419e-05
-8.671347673094699e-06
1.6292105658666313e-06
1.5522500908041697e-05
3.1371579337089235e-05
4.7277921384967666e-05
6.13430025836354e-05
7.166829846505079e-05
7.63552845611723e-05
7.350543640395827e-05
6.122022952536715e-05
3.7601139457357305e-05
7.496417318871148e-07
-4.981392194544774e-05
-0.00010859764870687391
-0.00016853889980962845
-0.00022257502923889145
-0.0002636433909798321
-0.0002846813390176314
-0.00027862622733746615
-0.00023841540992451335
-0.00015698624076394992
-2.7276073840953007e-05
0.00015458753184008494
0.00037107911483664184
0.0005958737318527122
0.000802619323297045
0.00096496382957839
0.0010565551911054963
0.0010510413482871144
0.0009220702415319933
0.0006432898112488832
0.00018834799784653213
-0.0004626308985247341
-0.00125724043260378
-0.0020978290956571457
-0.0028860512953346523
-0.0035235614392861198
-0.00391201393516137
-0.0039530631906102235
-0.0035483636132824957
-0.0025995696108280135
-0.0010083355908965955
0.0013124332833471493
0.004219523509303182
0.0073541950858143496
0.010349417703071183
0.012838161051264205
0.014453394820583956
0.014828088701220937
0.013595212383365626
0.010387735557208604
0.004838627912940416
-0.0034041332312152645
-0.014003571312446677
-0.02566130262439606
-0.037007551520175735
-0.04667254235289802
-0.053286499475675236
-0.05547964724161967
-0.05188221000384373
-0.041124412115459655
-0.02183647792957978
0.007339811826135041
0.045845591185992324
0.08908078207937667
0.1319333122285495
0.16929110935576347
0.19604210118328014
0.2070742154333585
0.19727537982825685
0.16153352209023425
0.09473656994154916
-0.008226292521155797
-0.14756227161194596
-0.3074589364934936
-0.4688377737017213
-0.6126202697725509
-0.7197279112419059
-0.7710821846457092
-0.7476045765198828
-0.6302165734003496
-0.3998396618230131
-0.03739532832382464
0.464658603779552
1.0542982211846113
1.6603307002288674
2.211554059333749
2.6367663169206876
2.8647654914111165
2.8243496012264653
2.4443166647881664
1.6534647005176488
0.38059172683634745
-1.4205886157264633
-3.5884620875917577
-5.8580495471528415
-7.9636215815595035
-9.639448777961562
-10.61980172350885
-10.638951005351021
-9.431167210637971
-6.7307209265195045
-2.271882740145429
4.185176102121361
12.507922962717528
22.28475581565332
33.09731823420498
44.527253791648725
56.156206061260825
67.56581861631747
78.33773503009498
88.05359887586948
96.29505372691729
102.65459410016764
107.03195890214876
109.67006143216658
110.82987949806939
110.7723909077051
109.75857346892178
108.04940498956726
105.9058632774896
103.58892614053666
101.35957138655644
99.47729466351161
98.09149575635185
97.16749486850271
96.65309643839457
96.49610490445791
96.64432470512305
97.04556027882045
97.64761606398054
98.39829649903375
99.24540602241035
100.13674907254087
101.02013008785566
101.8433535067852
102.55422376775984
103.10054530921
103.4301225695661
103.49075998725856
103.23026200071776
102.59643304837414
101.53707756865805
100.0
