0.8
0.6571387360060176
0.5309106244824574
0.4203463449103061
0.32447657677055125
0.24233199954417992
0.17294329271217926
0.11534113575553645
0.06855620815523866
0.03161918939227307
0.0035607589476269724
-0.016588403697712657
-0.02979761906275851
-0.03703620766652342
-0.03927349002802024
-0.03747878666626178
-0.032621418100260806
-0.025670704849030213
-0.017595967431582808
-0.009366526366931388
-0.0019517021740887842
0.0037479252633725066
0.007554196544745707
0.009721023582507591
0.010508135026934574
0.010175259528303053
0.008982125736889427
0.007188462302970097
0.005053997876821472
0.00283846110871995
0.0008015806489419309
-0.0008056720339135286
-0.0018986870690552377
-0.0025417982966645125
-0.002804599798834137
-0.0027566856576568995
-0.002467649955225586
-0.0020070867736329875
-0.0014445901949718912
-0.0008497543013350773
-0.0002921731748153446
0.00015943036772953558
0.00047233129308913986
0.0006618362954834424
0.000746593053007187
0.0007452492437551231
0.0006764525458219981
0.0005588506373025588
0.000411091196291555
0.0002518219008837316
9.969042917383884e-05
-2.6708191356956823e-05
-0.00011603261056275501
-0.00017153099402043932
-0.0001981999720162119
-0.00020103617483627643
-0.00018503623276683586
-0.00015519677609409334
-0.00011651443510425234
-7.398584008351552e-05
-3.26076213180866e-05
2.624233566609347e-06
2.8058923637062607e-05
4.422572444988984e-05
5.2463479055155735e-05
5.411103050292557e-05
5.050722184326426e-05
4.299089612623688e-05
3.2900896401908356e-05
2.1576065720343858e-05
1.0355247131608278e-05
5.772836857667753e-07
-6.648180347911071e-06
-1.133568576326803e-05
-1.384388630773769e-05
-1.4531523895376962e-05
-1.3757340440242808e-05
-1.1880077856392143e-05
-9.258478057881967e-06
-6.251282958769205e-06
-3.217234473110798e-06
-5.150745149636382e-07
1.5323844195954053e-06
2.8859236659109695e-06
3.6408568564947167e-06
3.8933085975094e-06
3.7394034951177624e-06
3.275266155482569e-06
2.5970211847665695e-06
1.8007931891325026e-06
9.82706774743152e-07
2.3888654776125436e-07
-3.3955284626559485e-07
-7.289639280909933e-07
-9.540500414555003e-07
-1.0405676969531935e-06
-1.0142734051781422e-06
-9.009236767244162e-07
-7.262750221860805e-07
-5.160839521572113e-07
-2.961069772318754e-07
-9.210060800414217e-08
7.076042077748861e-08
1.82426035725018e-07
2.490081466208836e-07
2.7740818967861007e-07
2.745276011117217e-07
2.472678171337431e-07
2.0253027395819902e-07
1.472164077986141e-07
8.822765486851156e-08
3.246545138141831e-08
-1.3217473837903261e-08
-4.5143468919533554e-08
-6.470728891651721e-08
-7.375816808888241e-08
-7.414534069665844e-08
-6.771804099987399e-08
-5.632550325855775e-08
-4.181696173273886e-08
-2.6041650682446025e-08
-1.0848804367707966e-08
1.9142457223292612e-09
1.1017634374869779e-08
1.6733003324934216e-08
1.9555853399113245e-08
1.9981685423997544e-08
1.8506000226177795e-08
1.56242986322447e-08
1.1832081468788946e-08
7.624849562401207e-09
3.4981037396721104e-09
-5.2655682653441216e-11
-2.642053067465503e-09
-4.303380403685392e-09
-5.169406737647049e-09
-5.3729011156843696e-09
-5.0466325841313026e-09
-4.323370189321776e-09
-3.335882977589698e-09
-2.2169399952690294e-09
-1.0993102886936852e-09
-1.1576290419759015e-10
6.190549368026286e-10
1.0998403538790595e-09
1.3620987600216592e-09
1.4414055139754544e-09
1.3733359744854687e-09
1.193465500296732e-09
9.373694501542697e-10
6.406231828031084e-10
3.388020569882735e-10
6.748143145479144e-11
-1.40475347793574e-10
-2.790713508991455e-10
-3.576591247172951e-10
-3.857710578942001e-10
-3.729395390760375e-10
-3.2869695690898437e-10
-2.6257570003921825e-10
-1.841081571129162e-10
-1.0282671677625529e-10
-2.8263767675410633e-11
3.040078450312486e-11
7.021475287035117e-11
9.355994156660221e-11
1.0299054643156069e-10
1.0106076330490944e-10
9.032478802633135e-11
7.3336816435509e-11
5.26510443721246e-11
3.0821667675862294e-11
1.0402882186404302e-11
-6.0874476859355104e-12
-1.7488869009877385e-11
-2.4373094927214887e-11
-2.7424520150501973e-11
-2.7327539392292563e-11
-2.4766547365140495e-11
-2.042593878159987e-11
-1.499010835422458e-11
-9.143450795568572e-12
-3.570360818185783e-12
1.0471435687778915e-12
4.302899694192651e-12
6.320303278781366e-12
7.28273733307701e-12
7.37358486761249e-12
6.776228892920802e-12
5.674052419534913e-12
4.250438457987779e-12
2.6887700188123543e-12
1.1724301125416023e-12
-1.1523900778008797e-13
-1.0425516207149988e-12
-1.6305531455396945e-12
-1.9283809118320287e-12
-1.9851722491699224e-12
-1.8500644871312686e-12
-1.5721949552939602e-12
-1.2007009832358935e-12
-7.847199005349615e-13
-3.7338903676905717e-13
-1.5845721516065544e-14
2.476518412123269e-13
4.182242171850391e-13
5.090363490636711e-13
5.332545446268424e-13
5.040451116531708e-13
4.345743579212753e-13
3.3800859120977457e-13
2.2751411929728323e-13
1.1625724996242804e-13
1.7404290983823506e-14
-5.728499003988109e-14
-1.0655993211037386e-13
-1.3392502671606696e-13
-1.4290817539354085e-13
-1.3703727967937583e-13
-1.1984024111015186e-13
-9.484496122245055e-14
-6.557934155285197e-14
-3.5571283637936626e-14
-8.348689014284889e-15
1.2759728157989164e-14
2.69415407423158e-14
3.510842933606991e-14
3.820569230695479e-14
3.717862802267357e-14
3.29725348509296e-14
2.6532711159426172e-14
1.8804455315866532e-14
1.0733065687953954e-14
3.2638406433916515e-15
-2.681643786930097e-15
-6.7497664707435494e-15
-9.167557376069022e-15
-1.0188308437138904e-14
-1.0065311588185858e-14
-9.051858763442423e-15
-7.401241897141144e-15
-5.366752923514564e-15
-3.2016837767952326e-15
-1.159326391215694e-15
5.091122982917724e-16
1.6725836058413211e-15
2.3834968914737483e-15
2.7097215244159813e-15
2.719126873894947e-15
2.4795823091375758e-15
2.0589571993707923e-15
1.5251209138215257e-15
9.459428217166836e-16
3.8929229228323576e-16
-7.705425461848096e-17
-4.0890174421163177e-16
-6.167126114720589e-16
-7.186723990749273e-16
-7.329666496954021e-16
-6.777809060086483e-16
-5.713007106898302e-16
-4.3171160641410834e-16
-2.7719913585665695e-16
-1.2594884169263704e-16
3.853883099001274e-18
9.82703213161625e-17
1.587079380480033e-16
1.9003953476825595e-16
1.9713791295065258e-16
1.8487587406892452e-16
1.5812621959680506e-16
1.2176175100802612e-16
8.06552697763199e-17
3.967957737541857e-17
3.7074752790542986e-18
-2.309322562037501e-17
-4.059187953558462e-17
-5.009242992807855e-17
-5.2900540017619944e-17
-5.032187302397298e-17
-4.366209216690137e-17
-3.422686066616881e-17
-2.332184174153903e-17
-1.2252698612775736e-17
-2.3250944996426534e-18
5.262122097304248e-18
1.030853757029325e-17
1.3158500499866231e-17
1.4161862291345892e-17
1.366847435005494e-17
1.202818808131609e-17
9.590854890452044e-18
6.706326182785513e-18
3.724453363639193e-18
9.950878383357209e-19
-1.1460676357361755e-18
-2.5962680198111812e-18
-3.443631030296037e-18
-3.781899068717849e-18
-3.704814536603735e-18
-3.306119835480806e-18
-2.6795573668761765e-18
-1.918869532316959e-18
-1.1177987333302678e-18
-3.700873714432147e-19
2.3202928165277166e-19
6.474574753798392e-19
8.975242917357267e-19
1.007347931506211e-18
1.0020465954770363e-18
9.06738484433946e-19
7.465417991626845e-19
5.465747404489949e-19
3.319555090786215e-19
1.2780230583730827e-19
-4.087253120758801e-20
-1.5953673711889796e-19
-2.32865824071382e-19
-2.67590193680903e-19
-2.7044024756332424e-19
-2.481463873345085e-19
-2.0743901461031844e-19
-1.550485310066172e-19
-9.770533813926367e-20
-4.213983762412904e-20
4.919944284171822e-21
3.872746197417711e-20
6.011237536905104e-20
7.087809014650119e-20
7.282801198423509e-20
6.776554655996042e-20
5.74940995513847e-20
4.381707663621555e-20
2.8537883492160553e-20
1.3459925796927303e-20
3.8660922822336456e-22
-9.222307543250231e-21
-1.5428900678423574e-20
-1.8716376427339864e-20
-1.9567955884966507e-20
-1.846686014627087e-20
-1.589631030622056e-20
-1.2339527459782986e-20
-8.279732701925605e-21
-4.200147127615876e-21
-5.839918318212288e-22
2.1404996143404156e-21
3.934248011034213e-21
4.926070273003354e-21
5.245445102410054e-21
5.021851201416519e-21
4.384767272184961e-21
3.4636720168775936e-21
2.3880441376566285e-21
1.2873623366842722e-21
2.9110531612273865e-22
-4.791511261999255e-22
-9.956119508509589e-22
-1.2919050539040857e-21
-1.4027241490406992e-21
-1.3627629499421939e-21
-1.206715170289964e-21
-9.692745237654025e-22
-6.851347240499041e-22
-3.8898948482486274e-22
-1.1553251977167295e-22
1.0150630669280993e-22
2.497078016925271e-22
3.3749747632000107e-22
3.7417148313859833e-22
3.690259747116845e-22
3.313571036026262e-22
2.7046102237478457e-22
1.9563388359153485e-22
1.161718398162398e-22
4.137104361226538e-23
-1.9560936539817897e-23
-6.195962055469195e-23
-8.779103881382385e-23
-9.954608788928409e-23
-9.971566435314309e-23
-9.079066477747137e-23
-7.526198573433946e-23
-5.562052379581776e-23
-3.4357175533976825e-23
-1.396283752088711e-23
3.0760225522573796e-24
1.5172550859289348e-23
2.2728081762138724e-23
2.6410048985721358e-23
2.688588625495255e-23
2.4823027294748372e-23
2.0888905830024584e-23
1.5750955585696895e-23
1.0076610286681063e-23
4.533303657892805e-24
-2.1154911817486745e-25
-3.6541319679515565e-24
-5.852677807592601e-24
-6.986024964690474e-24
-7.233011766837629e-24
-6.772476541626553e-24
-5.783257616649701e-24
-4.444193319499547e-24
-2.9341219777685555e-24
-1.4318819190491012e-24
-1.1631147093386246e-25
8.611467625175858e-25
1.4979962638936506e-24
1.8421168712309143e-24
1.94142816998351e-24
1.8438497456055733e-24
1.5973011835512355e-24
1.249702069274633e-24
8.48971988229899e-25
4.430305258711674e-25
7.979726765257202e-26
-1.9700835916626748e-25
-3.807452655213048e-25
-4.840870548798184e-25
-5.198737414658783e-25
-5.009453395035531e-25
-4.4014186321690775e-25
-3.503033268300203e-25
-2.4426974456695767e-25
-1.3488113065178924e-25
-3.4977499308584433e-26
4.3167588659611046e-26
9.59882199492778e-26
1.267422268867055e-25
1.388700809140376e-25
1.3581225347341778e-25
1.2100921600698954e-25
9.790143995689638e-26
6.992939676528189e-26
4.053355787428972e-26
1.3154394726063212e-26
-8.829841604098753e-27
-2.3966067434953604e-26
-3.3048934618053315e-26
-3.7000314697903845e-26
-3.6742079219009864e-26
-3.319609972587606e-26
-2.728424776300717e-26
-1.9928394874907846e-26
-1.2050412606082811e-26
-4.572172501036759e-27
1.5891141728194337e-27
5.913990276324003e-27
8.57919360471986e-27
9.831738893882277e-27
9.918640879686526e-27
9.086914298007871e-27
7.583573884721575e-27
5.655634375702912e-27
3.550110506827002e-27
1.5140170139694097e-27
-2.0576149997899856e-28
-1.4382636243054234e-27
-2.2159613859438026e-27
-2.6050421838905012e-27
-2.671693417141884e-27
-2.4821024846943163e-27
-2.1024567855441597e-27
-1.5989437186877782e-27
-1.037750683121538e-27
-4.850650778418021e-28
-7.074301844935021e-30
3.433220696998659e-28
5.691487300078961e-28
6.881404710857768e-28
7.180321530436982e-28
6.765586359918493e-28
5.814547800404256e-28
4.504554452996184e-28
3.012954918796191e-28
1.5170977989061883e-28
1.9433169442808795e-29
-7.994637321082683e-29
-1.4524090470763052e-28
-1.81184218195313e-28
-1.9252835511827438e-28
-1.8402535692091539e-28
-1.6042726504763622e-28
-1.2648612094283723e-28
-8.695396605091867e-29
-4.6582841816280886e-29
-1.0124789683324303e-29
1.798108435066535e-29
3.678832236554481e-29
4.7536692150105367e-29
5.149949937175732e-29
4.9950049697910945e-29
4.4161648795976456e-29
3.540760233336413e-29
2.496121597748421e-29
1.4095795395746962e-29
4.08464625556262e-30
-3.8379570130448355e-30
-9.236728053050369e-30
-1.2424087265180364e-29
-1.3741215874675458e-29
-1.352929510677629e-29
-1.2129506186723487e-29
-9.883030339757522e-30
-7.131048791119342e-30
-4.214742766049466e-30
-1.4752934897885317e-30
7.498558850310567e-31
2.2948768805005985e-30
3.233406555883846e-30
3.656864144733088e-30
3.656668880600615e-30
3.324239997038725e-30
2.7509967275997e-30
2.0283583058358362e-30
1.247743965299423e-30
5.005729395427512e-31
-1.2194220062793131e-31
-5.628721363058223e-31
-8.37556579623352e-31
-9.70491239549056e-31
-9.861718250514503e-31
-9.090940450990761e-31
-7.637536086604646e-31
-5.746462247041481e-31
-3.6626760219865534e-31
-1.6311345011251769e-31
1.0322135697690428e-32
1.3584101013515377e-31
2.158133145577176e-31
2.56802651287213e-31
2.653726226454702e-31
2.480868309543198e-31
2.1150887853559236e-31
1.6220236771111863e-31
1.0673090080272877e-31
5.165808013225014e-32
3.5475080215207965e-33
-3.21006642444984e-32
-5.527725026465465e-32
-6.774010615602001e-32
-7.124793223738629e-32
-6.755942882754534e-32
-5.843329624528894e-32
-4.562823480940893e-32
-3.0902944838697125e-32
-1.601612665194538e-32
-2.726480567945451e-33
7.372191137618686e-33
1.406202622362738e-32
1.780925815392172e-32
1.9085085881838364e-32
1.8360708360713994e-32
1.610732454388511e-32
1.279613338468868e-32
8.898333836461316e-33
4.885124852539665e-33
1.2277053862604173e-33
-1.6253401978088432e-33
-3.5505466630036794e-33
-4.668112047998631e-33
-5.1041318473485855e-33
-4.984701555608425e-33
-4.4359166673330344e-33
-3.5838726770772985e-33
-2.5546650793960988e-33
-1.4743893688443214e-33
-4.691410399768498e-34
3.3752855388795286e-34
8.941053998017671e-34
1.2295370697165154e-33
1.3770065885151065e-33
1.3696969810804039e-33
1.2407912722952746e-33
1.0234724870425805e-33
7.509236502051879e-34
4.56327786665961e-34
1.7286792130776354e-34
-6.646137589294814e-35
-2.4266409595610275e-34
-3.6014973470110555e-34
-4.255548971045268e-34
-4.4551618814294075e-34
-4.2667021279291985e-34
-3.7565357603103715e-34
-2.991028828338654e-34
-2.0365473817797077e-34
-9.594574703993918e-35
1.7387485603662673e-35
1.2970835477626145e-34
2.3438025550128465e-34
3.2476658280215908e-34
3.942307317023122e-34
4.361360972251711e-34
4.438460743941627e-34
4.107240582327141e-34
3.3013344376425282e-34
1.9543762601220567e-34
0.0
