16.05
16.05
16.00
16.00
15.96
15.91
15.91
15.89
15.89
15.86
15.78
15.78
15.79
15.79
15.85
15.88
15.92
15.92
15.95
15.97
15.97
15.99
15.99
15.98
15.98
15.98
15.98
15.98
15.99
16.00
15.99
15.99
16.00
15.99
15.99
15.98
16.02
16.03
16.03
16.03
16.02
16.02
16.02
16.02
15.97
15.97
15.96
15.96
15.96
15.97
15.97
15.97
15.97
15.97
15.97
15.97
16.00
16.01
16.01
16.03
16.02
16.01
16.02
16.02
16.02
16.02
16.04
16.05
16.06
16.08
16.09
16.10
16.13
16.12
16.12
16.12
16.13
16.12
16.10
16.10
16.10
16.10
16.11
16.11
16.11
16.12
16.12
16.11
16.09
16.09
16.06
16.03
16.00
16.00
15.99
15.97
15.97
15.92
15.91
15.89
15.86
15.86
15.86
15.87
15.87
15.87
15.92
15.92
15.98
16.00
16.03
16.06
16.06
16.05
16.06
16.07
16.08
16.08
16.08
16.08
16.07
16.06
16.04
16.00
16.00
16.00
15.99
16.00
16.00
16.00
16.04
16.06
16.06
16.06
16.06
16.04
16.02
16.02
16.01
15.99
15.97
15.94
15.93
15.95
15.99
16.05
16.12
16.21
16.35
16.35
16.38
16.38
16.38
16.38
16.27
16.25
16.25
16.24
16.24
16.24
16.24
16.25
16.25
16.25
16.18
16.19
16.19
16.20
16.20
16.21
16.21
16.21
16.22
16.22
16.23
16.25
16.26
16.26
16.26
16.25
16.24
16.23
16.22
16.22
16.23
16.25
16.25
16.27
16.31
16.33
16.33
16.33
16.31
16.28
16.27
16.27
16.26
16.26
16.26
16.24
16.24
16.24
16.19
16.19
16.20
16.22
16.24
16.25
16.25
16.25
16.18
16.18
16.18
16.17
16.21
16.21
16.29
16.32
16.32
16.36
16.36
16.36
16.33
16.33
16.33
16.33
16.33
16.32
16.31
16.32
16.31
16.30
16.30
16.32
16.33
16.33
16.33
16.33
16.33
16.30
16.30
16.30
16.29
16.29
16.30
16.29
16.29
16.27
16.25
16.25
16.25
16.23
16.23
16.21
16.22
16.23
16.24
16.26
16.30
16.30
16.31
16.31
16.29
16.29
16.29
16.19
16.14
16.08
16.01
15.89
15.89
15.86
15.83
15.84
15.84
15.85
15.95
16.03
16.08
16.13
16.17
16.16
16.10
16.10
15.93
15.93
15.68
15.68
15.63
15.57
15.57
15.56
15.55
15.53
15.52
15.51
15.51
15.52
15.52
15.53
15.55
15.55
15.56
15.60
15.60
15.68
15.73
15.78
15.84
15.84
15.87
15.86
15.85
15.82
15.72
15.72
15.68
15.62
15.61
15.61
15.61
15.64
15.67
15.71
15.73
15.75
15.78
15.80
15.85
15.85
15.88
15.95
15.98
15.98
15.99
15.99
15.99
15.98
15.90
15.90
15.89
15.89
15.89
15.96
16.04
16.09
16.11
16.13
16.14
16.14
16.13
16.10
16.10
16.10
16.10
16.10
16.10
16.11
16.12
16.15
16.13
16.13
16.12
16.08
16.08
16.01
15.99
15.98
15.98
15.97
16.04
16.09
16.17
16.26
16.35
16.41
16.41
16.55
16.59
16.59
16.64
16.67
16.74
16.78
16.78
16.83
16.88
16.93
16.93
16.95
16.96
16.96
16.93
16.79
16.65
16.57
16.82
16.91
16.91
17.24
17.40
17.39
17.40
17.43
17.41
17.39
17.36
17.33
17.24
17.14
17.06
17.04
17.00
16.89
16.80
16.98
17.17
17.39
17.59
18.14
18.23
18.23
18.17
18.20
18.20
18.81
19.20
19.56
19.90
20.21
20.39
20.29
20.16
20.16
19.94
19.84
19.73
19.60
19.46
19.13
18.96
18.96
18.66
18.53
18.45
18.35
18.27
18.27
18.13
18.09
18.11
18.16
18.22
18.36
18.36
18.42
18.63
18.71
18.71
18.88
18.98
19.04
19.02
18.98
18.98
18.96
18.97
18.97
18.97
19.00
19.08
19.08
19.06
19.06
19.09
19.13
19.24
19.34
19.40
19.43
19.43
19.35
19.24
19.14
19.08
19.06
19.07
19.13
19.13
19.11
19.09
19.06
19.05
19.05
19.10
19.22
19.32
19.33
19.33
19.38
19.45
19.39
19.40
19.47
19.53
19.54
19.54
19.55
19.55
19.53
19.47
19.40
19.31
19.23
19.16
19.11
19.11
19.10
19.06
19.04
19.04
19.06
19.06
19.06
19.06
19.06
19.06
19.06
19.06
19.06
19.06
19.06
19.06
19.06
19.06
19.06
19.06
19.06
19.06
19.06
19.06
19.06
19.06
19.06
19.06
19.06
19.06
19.06
19.06
19.06
19.06
19.06
19.06
19.06
19.06
19.06
19.06
19.06
19.06
19.06
19.06
19.06
19.06
19.06
19.06
19.06
19.06
19.06
19.06
19.06
19.06
19.06
19.06
19.06
19.06
19.06
19.06
19.06
19.06
19.06
19.06
19.06
19.06
19.06
19.06
19.06
19.06
19.06
19.06
19.06
19.06
19.06
19.06
19.06
19.06
19.06
19.06
19.06
19.06
19.06
