171
171
191
199
189
170
162
148
137
132
124
120
119
120
107
107
139
167
202
265
304
297
291
278
278
286
292
292
261
262
273
277
278
313
338
339
337
337
339
310
310
240
222
222
224
230
230
241
240
231
229
243
237
218
118
132
122
107
103
118
143
143
142
144
152
169
178
178
196
198
194
195
208
208
217
208
208
209
209
205
199
142
145
227
226
226
227
227
227
226
230
245
285
245
241
241
240
231
231
222
221
221
223
230
228
202
202
202
194
214
214
245
239
239
251
259
259
255
244
244
240
237
237
229
228
228
199
199
156
89
51
47
111
111
106
166
166
163
166
173
167
150
157
152
127
144
140
126
122
134
147
147
131
135
130
120
116
119
123
128
113
108
108
113
119
124
119
95
103
118
123
151
161
209
238
240
240
287
287
300
321
321
335
335
344
353
353
27
43
60
75
75
122
129
129
114
110
110
122
124
124
126
120
120
111
116
116
111
114
114
120
121
121
116
107
107
143
163
163
136
136
165
257
257
254
316
316
312
312
323
317
315
311
221
221
202
201
193
195
204
204
224
224
225
226
225
225
234
252
260
256
262
347
206
166
154
162
115
126
111
80
65
65
70
69
69
75
241
241
234
271
271
278
285
257
242
230
235
238
237
236
240
236
235
236
236
261
264
321
321
320
318
307
308
315
314
312
304
304
299
302
304
301
296
296
249
226
226
208
199
193
203
211
216
223
228
231
242
239
238
238
229
229
226
225
237
220
217
215
223
227
229
231
229
227
230
230
224
225
225
225
227
228
228
233
237
237
192
177
165
188
203
202
185
171
160
162
162
201
201
201
196
183
183
197
200
202
200
197
195
212
216
223
222
198
189
205
207
194
190
209
193
216
218
230
272
318
347
347
324
347
347
336
348
21
20
349
349
349
354
351
4
11
330
304
316
339
347
347
353
321
309
286
234
234
305
74
74
76
94
94
100
122
115
115
90
91
128
150
182
212
193
182
180
174
151
125
75
42
42
74
179
179
164
138
138
146
138
114
131
145
142
147
148
142
139
131
131
152
155
125
108
111
68
53
57
52
44
47
60
77
89
139
162
168
167
158
162
247
259
258
237
235
248
239
245
263
286
356
348
351
46
46
52
80
64
35
15
1
357
253
253
235
138
114
122
153
150
152
151
149
149
172
197
215
226
257
251
228
239
301
302
308
308
304
202
202
50
278
232
65
65
65
64
63
55
52
52
29
27
24
8
356
351
7
4
4
2
323
307
306
297
288
288
292
309
309
312
307
315
315
316
316
313
313
313
312
302
293
291
291
252
251
260
265
258
241
234
231
227
240
245
270
294
288
262
280
286
286
261
258
258
304
299
245
243
244
250
250
242
