0.1
0.10037183752807509
0.10062810834417604
0.10078143918164811
0.10084445677383669
0.10082978785408706
0.10075005915574453
0.10061789741215448
0.10044592935666218
0.10024678172261302
0.10003308124335229
0.09981745465222533
0.09961252868257747
0.099430930067754
0.09928528554110029
0.09918822183596165
0.0991523656856834
0.09919034382361089
0.09931478298308945
0.09953830989746436
0.09987355130008099
0.10032889665032335
0.10086820434554022
0.10142869927128569
0.1019472477608331
0.10236071614745586
0.10260597076442732
0.10261987794502082
0.10233930402250976
0.10170111533016746
0.10064217820126732
0.09910741729633642
0.09719484262310345
0.09513952165933943
0.09318136233860552
0.091560272594463
0.09051616036047304
0.09028893357019688
0.09111850015719572
0.09324476805503078
0.09690764519726326
0.1023358190812405
0.10929438607381207
0.11692987438115107
0.12434578593573903
0.13064562267005786
0.13493288651658927
0.13631107940781506
0.13388370327621701
0.1267542600542768
0.11402625167447641
0.09481262735627786
0.06952788945959955
0.041204389075288776
0.013188210539857673
-0.011174561810182324
-0.02853784363831935
-0.0355555506080419
-0.028881598382838172
-0.005169902626196321
0.03892562099839475
0.10675014858659608
0.19974777007894307
0.31345507901381015
0.4422645470298488
0.5805686457657127
0.7227598468600563
0.86323062195153
0.9963734426787892
1.1165807806804853
1.2182451075952725
1.2957588950618022
1.3448356270327724
1.3676681513845508
1.3684326487474487
1.351305807909783
1.3204643176598685
1.2800848667860218
1.2343441440765601
1.187418838319799
1.1434856383040548
1.1067212328176423
1.0808203069757214
1.0656730515232458
1.0593648670070999
1.059970274524941
1.0655637951744272
1.0742199500532166
1.0840132602589658
1.0930182468893332
1.0993094310419758
1.1009613338145519
1.0961782568032474
1.08491220446052
1.0683676848797867
1.0477764879097071
1.0243704033989398
0.9993812211961451
0.9740407311499815
0.9495807231091095
0.9272329869221884
0.9082293124378772
0.8937669293238156
0.884144592279193
0.8787009593125689
0.8767277869040413
0.8775168315337085
0.880359849681669
0.884548597828021
0.8893748324528625
0.894130310036292
0.8981067870584074
0.9006024917927934
0.9013375277741972
0.9007059736963258
0.8991622953039293
0.8971609583417586
0.8951564285545646
0.8936031716870972
0.8929556534841074
0.893668339690346
0.8961956960505633
0.9009909190421196
0.9080953164508859
0.9165485968569385
0.9252411408011761
0.9330633288244986
0.9389055414678051
0.9416581592719954
0.9402115627779688
0.9334561325266245
0.9202822490588619
0.8995802951879611
0.8707314786802118
0.8349830060821578
0.794025452513057
0.749549393092168
0.7032454029387482
0.656804057172055
0.6119159309113459
0.5702715992758801
0.5335616373849147
0.5034766203577072
0.48141040614330516
0.4669665063219541
0.4590802590752854
0.4566858573301562
0.45871749401342354
0.46410936205194414
0.4717956543725749
0.48071056390217304
0.4897882835675953
0.4979630062956986
0.504249791837057
0.5084648030142678
0.5108818935038906
0.5117802795068456
0.5114391772240536
0.5101378028564352
0.5081553726049108
0.5057711026704013
0.5032642092538271
0.5009139085561087
0.4989897849476855
0.4975912462554342
0.496671945466253
0.4961808248496024
0.49606682667494323
0.4962788932117361
0.4967659667294415
0.4974769894975201
0.4983609037854327
0.49936665186263973
0.5004429075725648
0.5015283158500363
0.502548723937005
0.5034291465547078
0.5040945984243813
0.5044700942672626
0.5044806488045884
0.5040512767575954
0.5031069928475207
0.5015728117956006
0.49937491502497455
0.4965748988138614
0.49349431479753375
0.49048416182158355
0.4878954387316033
0.48607914437318467
0.48538627759192
0.4861678372334012
0.48877482214322027
0.49355823116696956
0.5008687686687108
0.5106839095765677
0.5218776138182195
0.5331208712900597
0.5430846718884839
0.5504400055098867
0.5538578620506632
0.5520092314072085
0.543565103475917
0.5271964681531842
0.5015743153354034
0.46585806597758866
0.42148334224143946
0.3705483143866862
0.3151512277666653
0.25739032773471265
0.1993638596441643
0.14317006884835642
0.09090720070062319
0.04467350055430437
0.006567213762733984
-0.021602286806618055
-0.04018396815534861
-0.05050340125206152
-0.05389096497551129
-0.05167703820445236
-0.045191999817639
-0.03576622869382619
-0.024730103711768283
-0.013414003750219759
-0.0031483076879351072
0.0048117195630385115
0.010159710069295823
0.013239460447137391
0.014407444642752901
0.014020136602332008
0.012434010272064432
0.01000553959813989
0.007091198526748063
0.0040474610040786485
0.0012308009763213291
-0.0010112533520232672
-0.002545350729347859
-0.0034571046205314282
-0.003842031931578179
-0.0037956495684924167
-0.0034134744372784054
-0.002791023443940407
-0.0020238134944826846
-0.0012073614949095002
-0.0004371843512251199
0.00019198728806304555
0.00063073469570785
0.0008988215484798462
0.0010218415242063959
0.0010253883007148607
0.0009350555558326034
0.000776436967386985
0.0005751262132053672
0.00035671697111510525
0.00014680291894357626
-2.9057316877942454e-05
-0.00015419768333792977
-0.00023256358604588977
-0.00027101283030700636
-0.00027640322142646363
-0.00025559256470944556
-0.00021543866546113572
-0.00016279932898671643
-0.00010453236059137515
-4.749556558029426e-05
1.4533071920906812e-06
3.705793898493031e-05
5.9849087759517626e-05
7.166429690922661e-05
7.434110982743114e-05
6.971706990750483e-05
5.962972054282199e-05
4.591660512675644e-05
3.0415267052682064e-05
1.49632497139728e-05
1.3980965040025363e-06
-8.708502572732856e-06
-1.5307280722872026e-05
-1.88899576903726e-05
-1.9948901743546034e-05
-1.897648115070417e-05
-1.64650641801587e-05
-1.29070191002213e-05
-8.794714179203653e-06
-4.6205176854174345e-06
-8.767978871743318e-07
1.9843569961044e-06
3.887370583380392e-06
4.962097428056518e-06
5.340467210005611e-06
5.154409609100492e-06
4.535854305213987e-06
3.6167309782189224e-06
2.528969307988123e-06
1.404498974394412e-06
3.752496573105874e-07
-4.321844474393651e-07
-9.790579757762998e-07
-1.2986002986268304e-06
-1.4261618671705766e-06
-1.397093132587158e-06
-1.2467445460561959e-06
-1.01046655875731e-06
-7.236096218701208e-07
-4.215241865742487e-07
-1.3956070404931325e-07
8.749871626593961e-08
2.441575370530198e-07
3.384582445154275e-07
3.798729634988301e-07
3.778738188488834e-07
3.4193293541124164e-07
2.815224380315602e-07
2.061144515554937e-07
1.2518110082869742e-07
4.819451069682649e-08
-1.5413115041899667e-08
-6.016162958281303e-08
-8.781417812148226e-08
-1.0090880886090732e-07
-1.0198357000408836e-07
-9.357650975402548e-08
-7.822567631371859e-08
-5.84691178861678e-08
-3.684488267437172e-08
-1.589101888133346e-08
1.855321043527602e-09
1.460420505050513e-08
2.266849959204459e-08
2.6728272634491063e-08
2.7463592144189687e-08
2.5554526087485593e-08
2.1681142430723906e-08
1.6523509140249752e-08
1.076169418240825e-08
5.075765523544535e-09
1.4579113000372587e-10
-3.4777510204581e-09
-5.818269974981072e-09
-7.057983797894366e-09
-7.379116151578429e-09
-6.963890698413675e-09
-5.994531100780613e-09
-4.6532610210596875e-09
-3.122304121631348e-09
-1.5838840648760533e-09
-2.202245131742474e-10
8.071867787049536e-10
1.4836129646450073e-09
1.8576311664345118e-09
1.978068067250154e-09
1.8937503502686167e-09
1.6535046986665828e-09
1.3061577956207368e-09
9.005363243077632e-10
4.854669679043443e-10
1.0977640958716416e-10
-1.80688868841188e-10
-3.7544730121111453e-10
-4.871800358510343e-10
-5.289701430872297e-10
-5.139006932459834e-10
-4.5505475665357823e-10
-3.6551540363629624e-10
-2.583657045204204e-10
-1.4668872963223322e-10
-4.356754929801732e-11
3.8278235683239726e-11
9.416532229920361e-11
1.2727098800049964e-10
1.411008309155748e-10
1.391604491728761e-10
1.2495544090085067e-10
1.0199140422794363e-10
7.377393728260542e-11
4.3808638193281805e-11
1.5601105088419686e-11
-7.376469142178752e-12
-2.3365099526417933e-11
-3.310618013875623e-11
-3.753903316669906e-11
-3.760298079775187e-11
-3.42373452194201e-11
-2.8381448619209207e-11
-2.0974613184624596e-11
-1.295616110317173e-11
-5.265414562356039e-12
1.1599743903460234e-12
5.721599934331558e-12
8.570806077616014e-12
9.959283441774151e-12
1.013872264838052e-11
9.360814319009971e-12
7.877249075237225e-12
5.9397175386369895e-12
3.799910330783989e-12
1.709518073252937e-12
-7.977560476695612e-14
-1.3779806323779707e-12
-2.2070567612619645e-12
-2.6344442902123707e-12
-2.7275835180226192e-12
-2.553914743486148e-12
-2.180878265396386e-12
-1.6759143825467684e-12
-1.106463393730727e-12
-5.399655977416583e-13
-4.3861293373075334e-14
3.247402039093401e-13
5.648974522880115e-13
6.946660365295698e-13
7.321165302330295e-13
6.95319506997404e-13
6.023455404217064e-13
4.712652041049515e-13
3.2014907164615286e-13
1.6706771664432406e-13
3.0091712698479e-14
-7.429225483059464e-14
-1.4357981768569825e-13
-1.8255021763300622e-13
-1.9604545027514174e-13
-1.8890751121472766e-13
-1.6597839605438508e-13
-1.321001003967402e-13
-9.211461984441503e-14
-5.0863950000032444e-14
-1.3190086466215495e-14
1.6278585897035552e-14
3.619735389597598e-14
4.77947527582699e-14
5.2368191295395087e-14
5.121507831882952e-14
4.5632822640051024e-14
3.691883307053746e-14
2.6370518421766724e-14
1.528528750521669e-14
4.960549132365198e-15
-3.329751312795128e-15
-9.037653004673396e-15
-1.2462820780370653e-14
-1.395289428317588e-14
-1.3855513156377592e-14
-1.2518317043264308e-14
-1.028894558712454e-14
-7.515038431246799e-15
-4.5442352189196076e-15
-1.724175593431479e-15
5.992582019444859e-16
2.2301778185133552e-15
3.235231440027085e-15
3.707568828161874e-15
3.740339744593929e-15
3.4266939509994506e-15
2.8597812090546376e-15
2.1327512804356957e-15
1.3387539268187715e-15
5.709389098801793e-16
-7.759308211822645e-17
-5.423721518349107e-16
-8.356435669836457e-16
-9.823667309807227e-16
-1.007501047242431e-15
-9.360059191850597e-16
-7.928407502248989e-16
-6.029649437782374e-16
-3.913379032613653e-16
-1.829190320905721e-16
-2.6677336821473897e-18
1.294674540666746e-16
2.1462714914837953e-16
2.594991778699289e-16
2.7077139222027935e-16
2.551316441883869e-16
2.192677857632104e-16
1.698676689337067e-16
1.1361914568883287e-16
5.721006801754602e-17
7.32828790880304e-18
-3.0147940709195816e-17
-5.4770641966815424e-17
-6.83249389336219e-17
-7.26028361491534e-17
-6.939633815294838e-17
-6.049744948454497e-17
-4.769817468348152e-17
-3.2790518289296225e-17
-1.756648484152741e-17
-3.8180788797133405e-18
6.780703653202042e-18
1.3872951541434357e-17
1.792618375161747e-17
1.9420566452947518e-17
1.8836265814620667e-17
1.665344800583302e-17
1.3352279195780722e-17
9.412925553659922e-18
5.3155532486667455e-18
1.5403284499973229e-18
-1.4473014325313802e-18
-3.483189024172223e-18
-4.685148696474039e-18
-5.181840586683088e-18
-5.101924832045625e-18
-4.574061569807906e-18
-3.7269109372161296e-18
-2.6891330715166647e-18
-1.5893881099557277e-18
-5.563361897795747e-19
2.8277218658489795e-19
8.654027612457933e-19
1.219324219729705e-18
1.3790109418255242e-18
1.3789373073221441e-18
1.2535776960084587e-18
1.0374064876733597e-18
7.648980621057393e-19
4.705267990944904e-19
1.887670784285055e-19
-4.5984653047173666e-20
-2.1226023283703126e-19
-3.1584429773309655e-19
-3.6597422964468567e-19
-3.7188741048110704e-19
-3.428212221516791e-19
-2.8801304656571654e-19
-2.1670026563253386e-19
-1.381202612614448e-19
-6.151041536176389e-20
3.892498465009783e-21
5.1225922514734716e-20
8.138364193686731e-20
9.684080457977174e-20
1.0007255829181199e-19
9.355405092135211e-20
7.976043031675614e-20
6.116684432638822e-20
4.024844079861224e-20
1.948036758179107e-20
1.3377725242915683e-21
-1.2105226084700982e-20
-2.0845164034539345e-20
-2.5544932459171904e-20
-2.6867740842740698e-20
-2.5476798669387757e-20
-2.203531542325515e-20
-1.7206500588484892e-20
-1.1653563649219032e-20
-6.039714089599614e-21
-1.028161393768671e-21
2.7800683431589027e-21
5.302818824852733e-21
6.71590764328108e-21
7.197024886648039e-21
6.923860643157703e-21
6.074105001014094e-21
4.825448048421426e-21
3.3555798735837614e-21
1.8421905647051858e-21
4.629702099897984e-22
-6.129191099963198e-22
-1.3389184022042883e-21
-1.760354592644439e-21
-1.924778549991108e-21
-1.879741142918629e-21
-1.6727932401013376e-21
-1.3514857102135675e-21
-9.633694219296533e-22
-5.559952439239298e-22
-1.769140448707321e-22
1.2728270741488192e-22
3.371689733805841e-22
4.636609415641618e-22
5.192719984588785e-22
5.1651553055798e-22
4.679049243547126e-22
3.859535663423219e-22
2.831748430140544e-22
1.7208214086315587e-22
6.518884638287244e-23
-2.506272066386655e-23
-9.150912647209926e-23
-1.3581320092618173e-22
-1.6047762132476244e-22
-1.6800506496649113e-22
-1.6089820915001672e-22
-1.4165973117398854e-22
-1.1279230833705585e-22
-7.679861793786507e-23
-3.618133727507048e-23
6.556856352680993e-24
4.89132856467401e-23
8.83852733084578e-23
1.2247014203918457e-22
1.4866521454027157e-22
1.644678135130694e-22
1.6737526165892893e-22
1.5488488167920093e-22
1.2449399627523625e-22
7.369992814838567e-23
0.0
