0.46
0.46
0.59
0.78
0.83
0.84
0.84
0.81
0.76
0.68
0.66
0.68
0.69
0.69
0.77
0.83
0.87
0.76
0.70
0.62
0.49
0.31
0.15
0.06
0.02
-0.07
0.01
0.01
0.22
0.28
0.28
0.50
0.60
0.60
0.82
0.88
0.92
0.93
0.94
0.90
0.90
0.82
0.81
0.80
0.76
0.79
0.80
0.81
0.83
0.89
0.97
0.97
1.11
1.16
1.16
1.17
1.17
1.17
1.10
1.10
0.96
0.92
0.82
0.73
0.68
0.66
0.63
0.62
0.69
0.69
0.72
0.81
0.81
0.89
0.99
1.14
1.18
1.17
1.09
0.99
0.87
0.75
0.62
0.62
0.59
0.52
0.52
0.47
0.33
0.28
0.28
0.24
0.26
0.26
0.34
0.38
0.41
0.39
0.39
0.34
0.30
0.30
0.27
0.27
0.29
0.26
0.21
0.21
0.12
-0.07
-0.07
-0.22
-0.26
-0.26
-0.24
-0.25
-0.27
-0.30
-0.33
-0.36
-0.36
-0.34
-0.27
-0.27
-0.20
-0.08
-0.01
-0.01
0.15
0.15
0.08
0.01
-0.02
-0.04
-0.03
0.01
0.08
0.19
0.26
0.17
0.17
0.08
-0.05
-0.07
-0.02
0.02
0.02
0.12
0.17
0.15
-0.05
-0.05
-0.07
-0.14
-0.18
-0.18
-0.04
-0.04
-0.04
0.03
0.05
0.05
-0.05
-0.04
-0.06
-0.14
-0.25
-0.28
-0.23
-0.21
-0.12
-0.12
-0.03
0.12
0.08
0.08
0.02
0.04
0.06
0.08
0.14
0.20
0.27
0.34
0.34
0.35
0.35
0.43
0.43
0.40
0.42
0.48
0.57
0.77
0.77
0.91
0.82
0.68
0.68
0.36
0.23
0.17
0.32
0.46
0.76
0.89
0.92
0.91
0.89
0.87
0.87
0.76
0.56
0.56
0.47
0.27
0.27
0.18
0.12
0.12
0.13
0.11
0.11
0.17
0.25
0.25
0.38
0.42
0.46
0.49
0.51
0.51
0.47
0.44
0.39
0.35
0.31
0.29
0.32
0.36
0.43
0.49
0.55
0.62
0.66
0.69
0.69
0.69
0.73
0.74
0.73
0.72
0.67
0.60
0.52
0.47
0.44
0.40
0.40
0.51
0.59
0.66
0.71
0.76
0.82
0.84
0.82
0.82
0.79
0.74
0.74
0.74
0.69
0.63
0.57
0.53
0.47
0.40
0.40
0.48
0.56
0.54
0.54
0.45
0.39
0.39
0.36
0.38
0.43
0.48
0.52
0.56
0.60
0.65
0.71
0.71
0.74
0.70
0.65
0.65
0.46
0.30
0.17
0.08
0.11
0.14
0.19
0.25
0.40
0.37
0.37
0.31
0.30
0.30
0.26
0.26
0.24
0.18
0.13
0.11
0.08
0.07
0.06
0.06
0.08
0.12
0.15
0.15
0.24
0.28
0.28
0.19
0.10
-0.01
-0.12
-0.23
-0.30
-0.30
-0.23
0.01
0.13
0.13
0.21
0.19
0.16
0.08
-0.02
-0.04
-0.05
-0.06
-0.06
-0.03
-0.00
0.13
0.23
0.34
0.40
0.43
0.42
0.38
0.30
0.24
0.22
0.21
0.21
0.22
0.24
0.16
0.04
-0.08
-0.19
-0.27
-0.36
-0.33
-0.27
-0.21
-0.02
-0.02
0.04
0.08
0.14
0.14
0.15
0.18
0.18
0.23
0.31
0.31
0.48
0.56
0.56
0.69
0.71
0.69
0.67
0.66
0.52
0.31
0.11
-0.03
-0.18
-0.33
-0.34
-0.22
-0.13
-0.08
-0.01
0.11
0.14
0.14
0.17
0.17
0.17
0.18
0.21
0.21
0.20
0.18
0.17
0.18
0.21
0.31
0.33
0.33
0.39
0.39
0.37
0.28
0.28
0.28
0.33
0.36
0.36
0.41
0.45
0.45
0.51
0.53
0.55
0.54
0.50
0.44
0.43
0.41
0.40
0.46
0.51
0.51
0.47
0.37
0.37
0.30
0.16
0.16
0.14
0.16
0.16
0.21
0.21
0.25
0.17
0.09
0.06
0.01
-0.01
0.06
0.08
0.08
0.06
0.05
0.09
0.15
0.22
0.33
0.41
0.49
0.51
0.56
0.63
0.69
0.75
0.81
0.86
0.89
0.86
0.75
0.55
0.55
0.46
0.22
0.15
0.07
-0.02
-0.10
-0.16
-0.18
-0.23
-0.27
-0.28
-0.29
-0.20
-0.12
-0.02
0.08
0.17
0.26
0.30
0.34
0.35
0.35
0.39
0.42
0.42
0.41
0.37
0.37
0.29
0.12
0.04
-0.07
-0.12
-0.15
-0.22
-0.21
-0.13
0.01
0.10
0.16
0.21
0.27
0.29
0.23
0.18
0.23
0.23
0.15
0.07
0.01
0.01
0.04
0.09
0.09
0.17
0.20
0.20
0.15
0.15
0.05
0.02
-0.01
-0.01
-0.05
0.02
0.15
0.21
0.29
0.32
0.29
0.29
0.30
0.29
0.27
0.27
0.34
0.44
0.49
0.53
0.54
0.52
0.45
0.35
0.21
0.06
-0.06
-0.17
-0.25
-0.31
-0.35
-0.37
-0.38
-0.42
-0.47
-0.49
-0.46
-0.41
-0.35
-0.27
-0.20
-0.13
-0.06
-0.00
0.04
0.07
0.16
0.24
0.26
0.19
0.16
0.13
0.10
